0,1,2,3,4,5,6,7,8,9,10,11,12,13,14,15,16,17,18,19,20,21,22,23,24,25,26,27,28,29,30,31,32,33,34,35,36,37,38,39,40,41,42,43,44,45,46,47,48,49,50,51,52,53,54,55,56,57,58,59,60,61,62,63,64,65,66,67,68,69,70,71,72,73,74,75,76,77,78,79,80,81,82,83,84,85,86,87,88,89,90
1.0,0.69580114,0.7140335,0.8109741,0.7529369,0.7412688,0.78309524,0.6209604,0.82312036,0.72152203,0.5974458,0.5875503,0.560476,0.569717,0.59094894,0.5041831,0.5566626,0.5799178,0.6656094,0.5888163,0.4845789,0.6268939,0.49133658,0.5721119,0.48816362,0.48833767,0.55475664,0.43527225,0.55913585,0.6191255,0.39297423,0.5906126,0.33368295,0.4664693,0.5967242,0.5571188,0.5086537,0.43000868,0.47703683,0.46194923,0.6335124,0.59642506,0.6671439,0.65676147,0.6723939,0.5896035,0.55365795,0.56896394,0.6358669,0.5714884,0.36219075,0.41347152,0.42589203,0.4126234,0.44025868,0.3125932,0.42971456,0.39961812,0.44775522,0.27884194,0.49695334,0.52850354,0.48977187,0.3951665,0.51689726,0.41165257,0.4879212,0.48236525,0.48184296,0.42097217,0.49093506,0.41068205,0.41200924,0.38079578,0.4026604,0.5041533,0.4465637,0.45702338,0.45252803,0.39364174,0.3726065,0.47032866,0.39969128,0.41454768,0.34193477,0.38891825,0.33711928,0.43473554,0.37518808,0.42609432,0.38186038
0.69580114,1.0000001,0.7506977,0.6900947,0.76482046,0.72276294,0.73076874,0.64267576,0.6691778,0.7909716,0.5771428,0.53069407,0.5285624,0.53672063,0.55563045,0.46289396,0.518762,0.6006996,0.638624,0.5832106,0.41361493,0.5242179,0.42801705,0.49838224,0.45471215,0.45623448,0.48225817,0.3672324,0.45408973,0.50451696,0.36363223,0.47869512,0.4111928,0.48502517,0.539255,0.51833636,0.4634178,0.3556203,0.47222704,0.4688097,0.6061612,0.5199925,0.5869798,0.6014683,0.60860366,0.57519096,0.5779704,0.58071756,0.59685445,0.5911309,0.39087,0.48361158,0.49282917,0.50199276,0.50308514,0.38743788,0.45715454,0.42393595,0.44997364,0.3218091,0.43738353,0.50972295,0.47517377,0.4581207,0.50311846,0.44474164,0.5140238,0.4223796,0.46590465,0.44124457,0.50541073,0.43730316,0.35213888,0.39361018,0.3935698,0.46556434,0.3708891,0.4137011,0.48901916,0.4121235,0.4370057,0.4993122,0.42633834,0.44583404,0.42423368,0.4315668,0.41466248,0.48391154,0.42822382,0.42407972,0.42214572
0.7140335,0.7506977,1.0000001,0.7489775,0.78739715,0.7534692,0.81356984,0.6482779,0.6817211,0.68623203,0.6159346,0.6701162,0.6006089,0.5933255,0.6652783,0.49844688,0.5840847,0.63881105,0.69421816,0.6054349,0.4977639,0.593163,0.47911075,0.5752133,0.5710302,0.5340736,0.5246678,0.484182,0.6093949,0.59199417,0.42776006,0.5239999,0.40944132,0.5359002,0.56839687,0.5257933,0.50508386,0.48239535,0.55673766,0.51414746,0.61430526,0.5865611,0.6602242,0.7262253,0.7113587,0.6161931,0.57936954,0.64338726,0.6734755,0.6694857,0.45552832,0.5126566,0.53790337,0.5137947,0.521797,0.41518754,0.484383,0.52088207,0.5348045,0.32199946,0.53820723,0.539507,0.60107404,0.48757952,0.5626527,0.47702307,0.5673072,0.47925007,0.54761094,0.5130542,0.5738579,0.483987,0.42081758,0.42931566,0.51741254,0.5595229,0.5147264,0.48283786,0.5611915,0.4536599,0.4910472,0.58970416,0.5230313,0.51191294,0.47420472,0.5031037,0.46009785,0.5467903,0.4913245,0.50064343,0.4730553
0.8109741,0.6900947,0.7489775,1.0,0.8156125,0.7554562,0.79892236,0.61613697,0.8648077,0.72230566,0.60334367,0.6368408,0.56435853,0.5738532,0.6321425,0.4876248,0.54660636,0.6205095,0.647932,0.5855388,0.554212,0.57785755,0.5076218,0.5797343,0.54177564,0.5423307,0.5641128,0.49604183,0.5754345,0.59227616,0.41974148,0.55883,0.42134386,0.57236254,0.60750693,0.5168294,0.5554368,0.51093304,0.54097676,0.569,0.57432044,0.5475211,0.57920134,0.64288783,0.6147762,0.5331148,0.48927996,0.6014003,0.64545476,0.63038915,0.4339814,0.43911165,0.4913108,0.47471276,0.48059487,0.38373643,0.48480156,0.49509585,0.4980747,0.2654378,0.48851362,0.53857404,0.5377372,0.4545337,0.52046406,0.4719848,0.5504799,0.5107897,0.5463337,0.481989,0.5551294,0.5067207,0.47836873,0.45807377,0.47603858,0.5083734,0.52983147,0.47155455,0.51802754,0.47028515,0.36915508,0.47992042,0.41737172,0.4051044,0.34551984,0.39144865,0.33299115,0.46095774,0.39388353,0.422233,0.41856432
0.7529369,0.76482046,0.78739715,0.8156125,1.0,0.7483402,0.8228749,0.70583695,0.75102675,0.77534074,0.6080278,0.638349,0.5638963,0.5713644,0.65979767,0.52710426,0.57371336,0.6161785,0.6760476,0.59081745,0.5014045,0.60230535,0.47342458,0.5357857,0.55561227,0.5058091,0.521228,0.46714184,0.58690214,0.6334609,0.4281435,0.5559841,0.4458109,0.5600692,0.57919586,0.51870775,0.53833723,0.45775557,0.5931611,0.5008856,0.63112634,0.526282,0.64788383,0.6809908,0.6467378,0.5647871,0.5454382,0.6532922,0.6850872,0.6828605,0.43773708,0.52724147,0.50772154,0.52093285,0.50391686,0.44107717,0.4905494,0.5015896,0.53143185,0.25793636,0.5503978,0.57821417,0.57700753,0.53038245,0.5584256,0.55277103,0.59735227,0.54488236,0.56365377,0.4972026,0.5352231,0.44829157,0.44962475,0.4272522,0.48838165,0.5176837,0.488995,0.49552298,0.57574356,0.4647155,0.46561682,0.5250754,0.5035613,0.48505008,0.47337255,0.49424908,0.46028787,0.5063992,0.47248495,0.5234535,0.4822996
0.7412688,0.72276294,0.7534692,0.7554562,0.7483402,1.0,0.74069715,0.630103,0.7125322,0.7232395,0.6253046,0.64498425,0.60988647,0.58887535,0.6200252,0.46751782,0.56945753,0.6459785,0.6663204,0.5960437,0.4722339,0.5281161,0.42707312,0.5333352,0.53480893,0.4939968,0.55360293,0.4204587,0.50911915,0.5470016,0.40322393,0.4536731,0.3589229,0.52098596,0.5832763,0.44401294,0.5001491,0.456242,0.4897525,0.5184572,0.62790394,0.60790116,0.62626374,0.70222026,0.6812249,0.62635016,0.57952845,0.5999321,0.7014507,0.6454298,0.40246662,0.432495,0.5256299,0.43734428,0.4793739,0.3383204,0.41749915,0.48837566,0.49864042,0.27021134,0.5048812,0.59679496,0.5532124,0.46829954,0.58579457,0.4662804,0.5648806,0.5630714,0.57898086,0.49962947,0.5357427,0.5049852,0.47011405,0.46827978,0.44944885,0.560312,0.48761868,0.4365501,0.55243695,0.46799135,0.39323524,0.4863193,0.45461193,0.4223526,0.363711,0.40919238,0.3512805,0.46113247,0.39371675,0.45693558,0.40154046
0.78309524,0.73076874,0.81356984,0.79892236,0.8228749,0.74069715,0.9999999,0.69479895,0.7266013,0.7110706,0.65982044,0.66850257,0.5924118,0.61049724,0.6520335,0.51129806,0.553465,0.6528936,0.6682313,0.5976349,0.51209426,0.6304114,0.4602316,0.57049704,0.5567758,0.53626347,0.5320045,0.4537152,0.61757064,0.6406817,0.41537037,0.5323964,0.37595567,0.5043663,0.5786942,0.561254,0.46586615,0.46185052,0.543555,0.45507544,0.63490963,0.5849713,0.67434734,0.6930849,0.691339,0.6007713,0.533355,0.69031715,0.70805687,0.6505985,0.4346502,0.5179194,0.5344379,0.5288133,0.5107922,0.3960113,0.47722247,0.504837,0.53645885,0.22952385,0.4879809,0.5539218,0.5175685,0.4854604,0.50002795,0.4569998,0.5445561,0.4592921,0.5189199,0.43701124,0.53891623,0.48960033,0.4416302,0.42359337,0.48920363,0.5108221,0.4715469,0.49953282,0.5587959,0.47243848,0.506819,0.5676862,0.5039893,0.52076983,0.47665104,0.50945663,0.47733212,0.55866253,0.52789634,0.5208174,0.5088783
0.6209604,0.64267576,0.6482779,0.61613697,0.70583695,0.630103,0.69479895,1.0000002,0.5660161,0.59188676,0.551635,0.59852993,0.56751007,0.53223246,0.60181147,0.43735188,0.52504176,0.579754,0.49574712,0.56381404,0.3900208,0.49576172,0.34427887,0.45443198,0.4907155,0.4118083,0.41244313,0.33505356,0.47209075,0.49705485,0.35560063,0.3857893,0.30585098,0.35598356,0.48573536,0.44247973,0.36607638,0.30027717,0.39314505,0.3146616,0.5751785,0.46957263,0.5667579,0.6083351,0.59194624,0.5112698,0.46581262,0.6307968,0.5916475,0.6040093,0.38054898,0.5205371,0.42384416,0.44697315,0.40708974,0.38217545,0.46248743,0.43709368,0.45000467,0.2340804,0.4393726,0.4820262,0.4460138,0.41344914,0.45436957,0.38873273,0.43309984,0.4105547,0.44483835,0.3757865,0.4012375,0.29951203,0.25811613,0.2874406,0.32315958,0.36878964,0.3926134,0.3977784,0.39527857,0.2665139,0.5096472,0.50958675,0.5347086,0.5273469,0.52642787,0.54914415,0.5272535,0.48751053,0.47300532,0.47352874,0.50034726
0.82312036,0.6691778,0.6817211,0.8648077,0.75102675,0.7125322,0.7266013,0.5660161,1.0000002,0.7026259,0.6060559,0.55737185,0.5511233,0.53177655,0.6037296,0.49251643,0.5477183,0.58612883,0.6222941,0.58734447,0.5542024,0.60624874,0.5207191,0.57646334,0.5422162,0.5664242,0.5818095,0.4910757,0.5655837,0.58726317,0.43727344,0.554334,0.38817784,0.5567834,0.591964,0.5054163,0.5460936,0.40868133,0.5302317,0.5183137,0.58213603,0.51812494,0.55265087,0.59890676,0.6151202,0.5382242,0.49849358,0.5063319,0.6096089,0.5162951,0.33354923,0.39019933,0.39059073,0.3882566,0.39756754,0.2931778,0.3943457,0.40388092,0.4165992,0.19878943,0.47491562,0.5095629,0.47061965,0.43317023,0.49049985,0.44181848,0.53418684,0.46785975,0.5174022,0.4585216,0.46878806,0.40893558,0.4558355,0.41072443,0.41690975,0.45170143,0.4573829,0.40179816,0.45987555,0.45333457,0.32561085,0.4152356,0.3613186,0.34937963,0.33252496,0.35524535,0.33826146,0.38507095,0.35901734,0.41124055,0.36909345
0.72152203,0.7909716,0.68623203,0.72230566,0.77534074,0.7232395,0.7110706,0.59188676,0.7026259,1.0000001,0.6127865,0.5622292,0.5950664,0.5575693,0.579366,0.5117968,0.5501942,0.6228095,0.69839656,0.6231509,0.44879583,0.5224935,0.41283348,0.5020252,0.47795233,0.44924897,0.5126169,0.4110287,0.4578742,0.48989335,0.39836562,0.46813834,0.36311173,0.47928023,0.565358,0.47695437,0.48175782,0.3936034,0.4845599,0.46973068,0.61507976,0.56078255,0.56975,0.59255815,0.5878619,0.57400113,0.5427686,0.566879,0.6054371,0.59240174,0.39677015,0.45496812,0.45112205,0.46747762,0.46194765,0.3975982,0.44848138,0.4658058,0.4691233,0.2899167,0.517796,0.523347,0.5559452,0.47334123,0.5430327,0.47915304,0.52103007,0.47444507,0.52013445,0.4468851,0.5021258,0.45224327,0.39546484,0.443501,0.40140608,0.47983956,0.39880612,0.43986517,0.53684574,0.42993385,0.42081666,0.49000093,0.4201715,0.4379019,0.4051718,0.4278019,0.3928482,0.48910993,0.42233506,0.4349118,0.4023102
0.5974458,0.5771428,0.6159346,0.60334367,0.6080278,0.6253046,0.65982044,0.551635,0.6060559,0.6127865,1.0000001,0.75726056,0.76959324,0.7562606,0.681505,0.68566406,0.7430526,0.66838676,0.71138376,0.76866263,0.5673572,0.54769343,0.47457504,0.572471,0.5413323,0.5367009,0.55528057,0.43221888,0.54729384,0.5956605,0.46432927,0.38969448,0.36691222,0.5383091,0.6139897,0.45684063,0.3694122,0.40370065,0.5366989,0.48447424,0.6064778,0.6279996,0.6063407,0.6106326,0.70133483,0.6226096,0.5650329,0.5616737,0.6460775,0.5328537,0.32060316,0.3814469,0.38758096,0.39588025,0.3774993,0.30509692,0.38651022,0.45521197,0.4655566,0.17761646,0.48809388,0.5555804,0.50648385,0.5425015,0.4899543,0.507387,0.47152779,0.4383178,0.54404867,0.4465018,0.42141554,0.46098927,0.4160593,0.40247616,0.46903777,0.41027355,0.48096785,0.4769119,0.4792235,0.43951637,0.40161303,0.4816704,0.4463199,0.44067478,0.4144394,0.4442987,0.4140505,0.48642918,0.4184544,0.44905487,0.40879893
0.5875503,0.53069407,0.6701162,0.6368408,0.638349,0.64498425,0.66850257,0.59852993,0.55737185,0.5622292,0.75726056,1.0000001,0.8109101,0.72645956,0.80298984,0.69881123,0.74352837,0.70430773,0.6744565,0.74646103,0.5523703,0.49212596,0.47763264,0.5570723,0.6110854,0.53805345,0.58514726,0.44087085,0.567609,0.55893,0.4719668,0.36723286,0.34922963,0.5757038,0.59277856,0.43122506,0.43655324,0.52931905,0.51066273,0.5253998,0.6123843,0.6458908,0.71740764,0.73914003,0.7033232,0.66659427,0.59972256,0.63953286,0.75994885,0.6888971,0.4887296,0.5013987,0.5811652,0.5318579,0.5304008,0.46761978,0.5311368,0.63993233,0.64071774,0.29215613,0.5510933,0.539496,0.5569683,0.52318233,0.55674076,0.49802455,0.5272556,0.47903305,0.54553187,0.5274173,0.5619776,0.5712792,0.45286468,0.54211795,0.58825624,0.5222418,0.5796297,0.56512004,0.55142313,0.4707717,0.46601734,0.64067763,0.56642866,0.5336621,0.46232694,0.5399777,0.44775102,0.5998801,0.49239513,0.52824855,0.51688063
0.560476,0.5285624,0.6006089,0.56435853,0.5638963,0.60988647,0.5924118,0.56751007,0.5511233,0.5950664,0.76959324,0.8109101,0.9999999,0.8163554,0.7857034,0.7136157,0.7794588,0.73791116,0.6812269,0.8403902,0.5628049,0.52416307,0.46883738,0.5543519,0.670223,0.5612275,0.5369476,0.48517695,0.52545935,0.56187344,0.432797,0.29175997,0.27129135,0.48899347,0.5789741,0.37289587,0.32985577,0.4440984,0.49876425,0.46954763,0.6205294,0.6153262,0.608456,0.5908314,0.723241,0.6722206,0.57885844,0.5011391,0.6281891,0.545444,0.4004644,0.384795,0.40938345,0.36367053,0.3682485,0.37259236,0.3845367,0.47311655,0.47590834,0.2094441,0.51851743,0.46705803,0.5195518,0.39151728,0.521837,0.41631678,0.4217195,0.43322614,0.47814584,0.44681394,0.44344342,0.49429473,0.40117162,0.43558088,0.45217386,0.39667532,0.45695555,0.39468694,0.44239196,0.3786393,0.39542615,0.53375447,0.4639479,0.44777662,0.39880562,0.40444922,0.39134094,0.51640236,0.41621664,0.45795396,0.38248545
0.569717,0.53672063,0.5933255,0.5738532,0.5713644,0.58887535,0.61049724,0.53223246,0.53177655,0.5575693,0.7562606,0.72645956,0.8163554,1.0,0.69720095,0.7101664,0.73855835,0.6834509,0.6675159,0.77123994,0.51586896,0.52702564,0.4173889,0.53654265,0.55255103,0.5494309,0.56096625,0.46264708,0.52267766,0.55108106,0.39747688,0.29664674,0.20814031,0.42338273,0.5377998,0.379993,0.26989576,0.36720726,0.49543697,0.4696223,0.579567,0.5903715,0.576422,0.54934716,0.66119677,0.62749964,0.5490534,0.49805313,0.59016705,0.5404792,0.32816285,0.3542268,0.393605,0.34812155,0.37265164,0.3031012,0.37155586,0.41687155,0.44769347,0.18328959,0.4905531,0.5013489,0.47977823,0.4264672,0.499057,0.43669593,0.42661285,0.43345582,0.4934995,0.38540938,0.41704306,0.4241581,0.38571808,0.39225575,0.4563065,0.41174763,0.49000296,0.4588885,0.47531286,0.4430241,0.40435788,0.48329452,0.42181396,0.44209686,0.38000685,0.40874648,0.37105203,0.48078656,0.36012465,0.44440544,0.35656872
0.59094894,0.55563045,0.6652783,0.6321425,0.65979767,0.6200252,0.6520335,0.60181147,0.6037296,0.579366,0.681505,0.80298984,0.7857034,0.69720095,0.9999999,0.65889084,0.7151891,0.7201525,0.68387973,0.7627342,0.5435741,0.5397642,0.52847266,0.5503338,0.61757743,0.5751148,0.54518604,0.4867613,0.6137843,0.61678964,0.3979431,0.40235358,0.3135461,0.5413244,0.5579685,0.464007,0.43893078,0.41349208,0.5045004,0.47594333,0.6653516,0.5679287,0.62445974,0.68215346,0.73701376,0.6884305,0.56518066,0.5781453,0.75371367,0.6149125,0.45074,0.43870792,0.48707268,0.44184324,0.4472986,0.39439613,0.50965106,0.54904807,0.55597085,0.30551153,0.53559357,0.5011024,0.55800235,0.41159445,0.54439896,0.45273566,0.4801571,0.47195554,0.53364444,0.48486504,0.57385266,0.48321837,0.4146274,0.44430676,0.5446627,0.45024222,0.48819426,0.4843717,0.47340563,0.44937676,0.43016353,0.5711895,0.5048312,0.4883025,0.39819753,0.48206633,0.4168871,0.5294443,0.42874858,0.48456204,0.44183117
0.5041831,0.46289396,0.49844688,0.4876248,0.52710426,0.46751782,0.51129806,0.43735188,0.49251643,0.5117968,0.68566406,0.69881123,0.7136157,0.7101664,0.65889084,0.9999998,0.7142175,0.5564628,0.58873034,0.70858234,0.4867399,0.46939874,0.3836293,0.45604077,0.53640914,0.5407156,0.49874282,0.416084,0.4886149,0.47448713,0.3776864,0.3049852,0.30975068,0.47748667,0.48069865,0.35798845,0.34372243,0.3898692,0.4571184,0.39890376,0.5211552,0.5176569,0.56259304,0.48729736,0.5857485,0.58692324,0.61335367,0.4334691,0.58495224,0.5122803,0.30592683,0.32288903,0.36211863,0.34551764,0.3963044,0.2881224,0.4138142,0.38123232,0.41184673,0.23087315,0.44622377,0.43937007,0.44390404,0.53152233,0.41729924,0.47704428,0.4846027,0.33775106,0.45159063,0.41758645,0.41470644,0.5057721,0.43590382,0.500727,0.5152988,0.35437864,0.49184293,0.4695214,0.50621635,0.47792166,0.38820672,0.4697294,0.43129447,0.44287288,0.38532007,0.3881993,0.41718367,0.5258509,0.42972907,0.4889429,0.41638243
0.5566626,0.518762,0.5840847,0.54660636,0.57371336,0.56945753,0.553465,0.52504176,0.5477183,0.5501942,0.7430526,0.74352837,0.7794588,0.73855835,0.7151891,0.7142175,0.99999994,0.6758131,0.66135556,0.71267307,0.56355447,0.5249934,0.44914997,0.5215325,0.5776007,0.5064406,0.5541728,0.4131006,0.550314,0.57594144,0.45700324,0.34369898,0.32420462,0.4936351,0.55665654,0.42490408,0.37693617,0.44540024,0.4545092,0.46813595,0.6293624,0.5827518,0.6509898,0.62890375,0.69830424,0.6352911,0.5806759,0.51313835,0.6081302,0.53158224,0.28408292,0.31958857,0.3497192,0.34712368,0.3255561,0.24184848,0.3173182,0.4143563,0.46028262,0.18793523,0.46757796,0.47608998,0.50733674,0.42703697,0.4805991,0.45175743,0.47232416,0.48828942,0.51565194,0.42852077,0.4515869,0.423287,0.41533598,0.43587056,0.47462645,0.46427876,0.53417856,0.42149553,0.4940688,0.4030981,0.4202943,0.50755495,0.50887114,0.47888505,0.44181794,0.43732014,0.4317435,0.5417224,0.40227106,0.49300843,0.44464588
0.5799178,0.6006996,0.63881105,0.6205095,0.6161785,0.6459785,0.6528936,0.579754,0.58612883,0.6228095,0.66838676,0.70430773,0.73791116,0.6834509,0.7201525,0.5564628,0.6758131,0.99999994,0.65097845,0.686279,0.60491985,0.5888303,0.5285248,0.5676054,0.55273986,0.56347084,0.58134073,0.47399768,0.56091326,0.6450449,0.42146325,0.40663865,0.33688414,0.5374528,0.5859846,0.45795718,0.44038752,0.41284063,0.5191193,0.4827456,0.67080384,0.6363008,0.6123161,0.6689339,0.6775191,0.67408687,0.6131675,0.6248367,0.6903955,0.605469,0.40654182,0.45463532,0.45550218,0.44345576,0.42127842,0.41160432,0.45929658,0.4862349,0.5148633,0.28653845,0.46955,0.5832073,0.5019059,0.46236393,0.43399805,0.38991717,0.42108262,0.53923327,0.6233175,0.3984561,0.4953052,0.46709877,0.29682595,0.5009756,0.4433533,0.48427272,0.4205115,0.42452642,0.44209355,0.42769188,0.42616642,0.5314721,0.44900942,0.44742155,0.39244857,0.4445804,0.3950283,0.4864081,0.40364158,0.42437494,0.3889424
0.6656094,0.638624,0.69421816,0.647932,0.6760476,0.6663204,0.6682313,0.49574712,0.6222941,0.69839656,0.71138376,0.6744565,0.6812269,0.6675159,0.68387973,0.58873034,0.66135556,0.65097845,1.0000001,0.686905,0.5194408,0.6001518,0.53742445,0.6023165,0.5306639,0.55618197,0.539283,0.45738965,0.6111169,0.64071065,0.48463303,0.47570068,0.40182266,0.6101515,0.60209423,0.46810874,0.4866061,0.42337683,0.5715832,0.53347707,0.6123202,0.58442086,0.59976834,0.6742628,0.68211734,0.61410284,0.5652194,0.58049035,0.6550478,0.5946524,0.3333393,0.3748577,0.43000793,0.4285713,0.4318378,0.3296967,0.3928956,0.4663807,0.47033367,0.24935192,0.5817201,0.53344905,0.54975396,0.4453978,0.5311961,0.46680743,0.49883252,0.4766259,0.5629945,0.4750017,0.51724744,0.4833883,0.42740667,0.4362316,0.48238125,0.5445612,0.49881208,0.4529523,0.5246767,0.48227948,0.404694,0.5022164,0.42744693,0.4418942,0.3855664,0.41706833,0.39125758,0.49045986,0.4041406,0.46806854,0.4041274
0.5888163,0.5832106,0.6054349,0.5855388,0.59081745,0.5960437,0.5976349,0.56381404,0.58734447,0.6231509,0.76866263,0.74646103,0.8403902,0.77123994,0.7627342,0.70858234,0.71267307,0.686279,0.686905,0.9999997,0.49227387,0.5142814,0.45229474,0.49257976,0.53488123,0.51784617,0.49155766,0.45863593,0.50261414,0.5258176,0.39249298,0.33613095,0.25789168,0.46573013,0.5789642,0.36275634,0.3019078,0.44934866,0.49980965,0.5017849,0.60616636,0.58805084,0.5567277,0.5652582,0.6712837,0.6865129,0.58766735,0.4884022,0.6151535,0.53049463,0.41452703,0.36007452,0.40888143,0.36820227,0.4102962,0.30382013,0.42782864,0.49432623,0.4690503,0.2337126,0.50759166,0.52950907,0.5475939,0.44050923,0.4962753,0.45185083,0.4279826,0.4118779,0.47545198,0.4767686,0.5091604,0.50958765,0.36505666,0.3990988,0.4447668,0.39906567,0.40502375,0.41921127,0.44414768,0.4113844,0.41100824,0.53310394,0.45251742,0.4422141,0.39840403,0.41286466,0.3941234,0.5244361,0.45837426,0.44609368,0.40423393
0.4845789,0.41361493,0.4977639,0.554212,0.5014045,0.4722339,0.51209426,0.3900208,0.5542024,0.44879583,0.5673572,0.5523703,0.5628049,0.51586896,0.5435741,0.4867399,0.56355447,0.60491985,0.5194408,0.49227387,1.0,0.6643619,0.70049876,0.7902495,0.6338491,0.7040682,0.7312251,0.65431976,0.6863978,0.72415924,0.5133281,0.45494083,0.40242115,0.5631106,0.65007293,0.5509986,0.55467093,0.4889714,0.5840991,0.6181171,0.532029,0.5158625,0.5043987,0.5661169,0.51170903,0.4350682,0.44955048,0.4802791,0.50933653,0.47329196,0.41018683,0.39291403,0.44888958,0.44645944,0.38974243,0.43113002,0.3631956,0.48241347,0.51696056,0.27188078,0.36260304,0.45100588,0.37197748,0.3760569,0.3721304,0.39215365,0.41031048,0.36785302,0.4645858,0.3585101,0.41848004,0.3893448,0.3401807,0.37366474,0.4084627,0.4124243,0.43823156,0.34478092,0.40297556,0.41873947,0.27541286,0.37764996,0.34286886,0.3051484,0.3028825,0.32307085,0.27916065,0.3597622,0.29449588,0.30798325,0.30123827
0.6268939,0.5242179,0.593163,0.57785755,0.60230535,0.5281161,0.6304114,0.49576172,0.60624874,0.5224935,0.54769343,0.49212596,0.52416307,0.52702564,0.5397642,0.46939874,0.5249934,0.5888303,0.6001518,0.5142814,0.6643619,1.0000002,0.66616595,0.7693366,0.6738669,0.7472628,0.655278,0.695169,0.78174293,0.8127628,0.48498777,0.5879297,0.3930362,0.51872903,0.6136007,0.56167954,0.48569167,0.4143655,0.5955199,0.44338676,0.54580927,0.52670926,0.54489976,0.5589736,0.58958447,0.50219506,0.45876634,0.50015795,0.5592771,0.46543062,0.37763456,0.41935235,0.40721494,0.44072178,0.4298632,0.3848318,0.39520243,0.40548712,0.4472539,0.33127278,0.4338356,0.40008798,0.43676597,0.3590914,0.39895806,0.3986031,0.3828989,0.38531828,0.46391279,0.33281094,0.40680563,0.3535064,0.2698087,0.28491685,0.35233557,0.4558318,0.37740704,0.3701325,0.40224946,0.3238118,0.3481138,0.4177704,0.38679907,0.36707264,0.38708732,0.3720289,0.36928177,0.41583282,0.4042429,0.3877753,0.38453817
0.49133658,0.42801705,0.47911075,0.5076218,0.47342458,0.42707312,0.4602316,0.34427887,0.5207191,0.41283348,0.47457504,0.47763264,0.46883738,0.4173889,0.52847266,0.3836293,0.44914997,0.5285248,0.53742445,0.45229474,0.70049876,0.66616595,1.0000001,0.71925116,0.5520162,0.66305834,0.65870523,0.60830665,0.75430435,0.6982711,0.4720869,0.63282406,0.4114272,0.5497052,0.58030486,0.47295246,0.46848643,0.5428406,0.5820643,0.5709791,0.44930673,0.45842433,0.44245666,0.5073783,0.4975919,0.39035743,0.3725761,0.4315899,0.5074072,0.41351092,0.38005894,0.29668435,0.39828235,0.3670906,0.36457115,0.33777723,0.35844854,0.4173601,0.42240408,0.24742997,0.41508263,0.4259473,0.39572766,0.32372433,0.38625133,0.3449966,0.3636766,0.3723762,0.46564788,0.35920203,0.4086853,0.3622211,0.33247942,0.3189354,0.40784153,0.44242218,0.41340828,0.33933607,0.3728363,0.4148408,0.2038781,0.35194832,0.2766285,0.265526,0.26016983,0.26483753,0.23335172,0.30337209,0.25667536,0.28183714,0.27697936
0.5721119,0.49838224,0.5752133,0.5797343,0.5357857,0.5333352,0.57049704,0.45443198,0.57646334,0.5020252,0.572471,0.5570723,0.5543519,0.53654265,0.5503338,0.45604077,0.5215325,0.5676054,0.6023165,0.49257976,0.7902495,0.7693366,0.71925116,1.0,0.6848262,0.78021985,0.78567326,0.7212074,0.7584331,0.74599236,0.5209717,0.4752897,0.3894574,0.59608674,0.6596561,0.54226923,0.47387612,0.4708007,0.6054988,0.58375067,0.48920828,0.54833716,0.5226282,0.57455564,0.59613323,0.49481907,0.44963127,0.5195465,0.56431043,0.5001457,0.42602775,0.45519823,0.48460582,0.48800382,0.47035676,0.396852,0.4052216,0.48735917,0.5441225,0.26235044,0.3705422,0.4536537,0.41565832,0.39161044,0.43774906,0.35757264,0.43123117,0.35666576,0.51712805,0.35090587,0.40561482,0.37727416,0.29468876,0.31639266,0.36328754,0.4604131,0.43506524,0.3476046,0.3920695,0.36283422,0.29599836,0.38054168,0.32983255,0.32040638,0.30221805,0.33861083,0.28986922,0.36373013,0.32152286,0.31987238,0.33898437
0.48816362,0.45471215,0.5710302,0.54177564,0.55561227,0.53480893,0.5567758,0.4907155,0.5422162,0.47795233,0.5413323,0.6110854,0.670223,0.55255103,0.61757743,0.53640914,0.5776007,0.55273986,0.5306639,0.53488123,0.6338491,0.6738669,0.5520162,0.6848262,0.9999999,0.7716525,0.626322,0.77102405,0.6782279,0.655362,0.4375278,0.37507698,0.36221522,0.52474874,0.54892665,0.46160856,0.45198923,0.4966412,0.59546906,0.4326939,0.47729728,0.4717527,0.513527,0.57589453,0.6185798,0.5160339,0.46423322,0.47749102,0.5532561,0.47590318,0.43096873,0.47792217,0.4784638,0.48217496,0.4199726,0.38732943,0.37673014,0.4766667,0.4887719,0.21605422,0.3612143,0.39234397,0.4331373,0.4101373,0.45728186,0.3729689,0.43628168,0.39085627,0.48865476,0.4167997,0.4068376,0.48142534,0.40580937,0.39138666,0.3944179,0.42614785,0.44967452,0.30387336,0.4267856,0.3635571,0.30836293,0.40927184,0.38394362,0.34975937,0.3605298,0.33066288,0.32340154,0.38879886,0.37583056,0.37452644,0.36886552
0.48833767,0.45623448,0.5340736,0.5423307,0.5058091,0.4939968,0.53626347,0.4118083,0.5664242,0.44924897,0.5367009,0.53805345,0.5612275,0.5494309,0.5751148,0.5407156,0.5064406,0.56347084,0.55618197,0.51784617,0.7040682,0.7472628,0.66305834,0.78021985,0.7716525,0.99999994,0.67807144,0.8287661,0.7208127,0.6937872,0.47188243,0.43984073,0.39595568,0.6113002,0.6223896,0.47994998,0.461176,0.44353008,0.60910904,0.53708476,0.4306619,0.44623122,0.46359918,0.53506887,0.5670095,0.47867694,0.43380442,0.4325092,0.55745935,0.4551481,0.39838696,0.41116837,0.44835764,0.45001876,0.45257977,0.35654193,0.46158236,0.46155792,0.4783415,0.24910213,0.41626352,0.4612164,0.4283211,0.43548128,0.46446508,0.45470223,0.46797895,0.39026687,0.560161,0.40934375,0.3962395,0.43901956,0.35857025,0.34923145,0.42135605,0.40298176,0.4073279,0.3821161,0.416354,0.41558188,0.3195273,0.38872564,0.35598326,0.3364136,0.33636925,0.32539994,0.3305143,0.4063707,0.38240898,0.37859225,0.3753586
0.55475664,0.48225817,0.5246678,0.5641128,0.521228,0.55360293,0.5320045,0.41244313,0.5818095,0.5126169,0.55528057,0.58514726,0.5369476,0.56096625,0.54518604,0.49874282,0.5541728,0.58134073,0.539283,0.49155766,0.7312251,0.655278,0.65870523,0.78567326,0.626322,0.67807144,1.0000001,0.6494429,0.6844665,0.65607375,0.54656947,0.47856835,0.342851,0.58111876,0.6652562,0.53280336,0.48585722,0.5001091,0.55865884,0.61201674,0.49833614,0.582881,0.5513935,0.5783065,0.54770374,0.47281185,0.46414867,0.49460837,0.55447024,0.4877144,0.36511868,0.39578843,0.46672025,0.44059122,0.4309658,0.34685937,0.37259895,0.46482792,0.508716,0.2822814,0.34982052,0.4932704,0.41111225,0.38647854,0.44774705,0.37973675,0.45655072,0.4100439,0.5053783,0.34925702,0.44442067,0.43205246,0.31702462,0.4299873,0.4321216,0.48483822,0.5064281,0.41714078,0.4264096,0.41378853,0.31113487,0.41548133,0.35551348,0.36344647,0.2891353,0.33377144,0.258467,0.4011855,0.31916785,0.36832252,0.32184672
0.43527225,0.3672324,0.484182,0.49604183,0.46714184,0.4204587,0.4537152,0.33505356,0.4910757,0.4110287,0.43221888,0.44087085,0.48517695,0.46264708,0.4867613,0.416084,0.4131006,0.47399768,0.45738965,0.45863593,0.65431976,0.695169,0.60830665,0.7212074,0.77102405,0.8287661,0.6494429,1.0000001,0.68281925,0.63842463,0.3984742,0.38258785,0.31628224,0.4849261,0.51341254,0.42792135,0.3847109,0.50849086,0.56745195,0.46284977,0.36932874,0.44797683,0.4086305,0.48341417,0.4992501,0.39578345,0.39722157,0.37281594,0.46948504,0.40501297,0.3892573,0.35697988,0.380582,0.3853763,0.3663882,0.32407892,0.3658205,0.3875576,0.41016114,0.19933055,0.3114044,0.3673737,0.37895718,0.33201376,0.4171936,0.35480475,0.39615956,0.34191176,0.45480686,0.35972568,0.3374697,0.39065856,0.2898151,0.26574782,0.32424086,0.32102022,0.36307734,0.28312206,0.31265038,0.31407812,0.26201496,0.31313825,0.28276196,0.27335072,0.2675674,0.24124223,0.23169556,0.33896863,0.34787446,0.28093243,0.28319114
0.55913585,0.45408973,0.6093949,0.5754345,0.58690214,0.50911915,0.61757064,0.47209075,0.5655837,0.4578742,0.54729384,0.567609,0.52545935,0.52267766,0.6137843,0.4886149,0.550314,0.56091326,0.6111169,0.50261414,0.6863978,0.78174293,0.75430435,0.7584331,0.6782279,0.7208127,0.6844665,0.68281925,0.99999994,0.8114356,0.51330966,0.5801911,0.4243073,0.60846454,0.6108049,0.5720291,0.5085571,0.5598403,0.6106856,0.51385826,0.5353731,0.5269699,0.5493895,0.6161097,0.61029696,0.50533265,0.44667825,0.56158006,0.58973795,0.4941328,0.41736194,0.40439287,0.46455377,0.43934292,0.41713417,0.37534708,0.39694148,0.4897178,0.50774163,0.2757121,0.42197534,0.44501886,0.44613835,0.3733564,0.43459877,0.43696472,0.4192114,0.39833164,0.4844418,0.37616086,0.4496926,0.38579342,0.33467826,0.343529,0.43081212,0.46872878,0.44297034,0.40587184,0.4238432,0.38500246,0.3430899,0.42846152,0.3863924,0.37919334,0.37320656,0.36634955,0.34105805,0.41844714,0.38075858,0.3917702,0.37088215
0.6191255,0.50451696,0.59199417,0.59227616,0.6334609,0.5470016,0.6406817,0.49705485,0.58726317,0.48989335,0.5956605,0.55893,0.56187344,0.55108106,0.61678964,0.47448713,0.57594144,0.6450449,0.64071065,0.5258176,0.72415924,0.8127628,0.6982711,0.74599236,0.655362,0.6937872,0.65607375,0.63842463,0.8114356,0.9999999,0.52345735,0.5380047,0.4538722,0.6340661,0.6471288,0.55960315,0.5044909,0.45970598,0.6471987,0.5134125,0.5968397,0.52584714,0.5685399,0.64849097,0.62566113,0.5273614,0.46310452,0.5639181,0.6108302,0.5210141,0.35703614,0.40905768,0.43586242,0.451722,0.3955921,0.37039587,0.35484695,0.450349,0.4826685,0.25196353,0.44435814,0.46811348,0.4690161,0.37851647,0.44334558,0.46240118,0.41449293,0.4817557,0.50124824,0.3587872,0.4413907,0.3654839,0.32864827,0.2934374,0.4130093,0.504574,0.418589,0.4141457,0.4297229,0.38622874,0.32131898,0.39130002,0.37048703,0.34382075,0.34441,0.35979256,0.32795575,0.37620616,0.34416997,0.37133232,0.34035063
0.39297423,0.36363223,0.42776006,0.41974148,0.4281435,0.40322393,0.41537037,0.35560063,0.43727344,0.39836562,0.46432927,0.4719668,0.432797,0.39747688,0.3979431,0.3776864,0.45700324,0.42146325,0.48463303,0.39249298,0.5133281,0.48498777,0.4720869,0.5209717,0.4375278,0.47188243,0.54656947,0.3984742,0.51330966,0.52345735,1.0000002,0.58133316,0.673659,0.6933971,0.7580134,0.54501384,0.62386173,0.52665627,0.75666064,0.64856774,0.3271472,0.3804217,0.4321208,0.43354395,0.4168702,0.33899003,0.30141374,0.36462596,0.44664145,0.35721558,0.23808308,0.39106217,0.39870134,0.34492874,0.34522963,0.28288245,0.27400932,0.40486717,0.44053072,0.23451689,0.3709928,0.38313603,0.36803675,0.29623333,0.3763857,0.36687934,0.43902457,0.3017303,0.43311214,0.37362698,0.33576477,0.3207953,0.35299352,0.29910627,0.3649127,0.41884166,0.36295378,0.30175734,0.3644673,0.36269855,0.2851993,0.35064343,0.33743122,0.3434884,0.32461646,0.31154707,0.29932946,0.35212234,0.3154065,0.33649045,0.31716624
0.5906126,0.47869512,0.5239999,0.55883,0.5559841,0.4536731,0.5323964,0.3857893,0.554334,0.46813834,0.38969448,0.36723286,0.29175997,0.29664674,0.40235358,0.3049852,0.34369898,0.40663865,0.47570068,0.33613095,0.45494083,0.5879297,0.63282406,0.4752897,0.37507698,0.43984073,0.47856835,0.38258785,0.5801911,0.5380047,0.58133316,1.0000001,0.5234505,0.54870194,0.6073427,0.65268564,0.7135534,0.60211635,0.59623724,0.5436985,0.37837464,0.35650665,0.4445753,0.4483184,0.39928457,0.32542297,0.331809,0.38566545,0.47192848,0.36927983,0.28292125,0.357199,0.36514613,0.34815216,0.37353528,0.31147146,0.35102013,0.31900668,0.35101703,0.3761256,0.4007465,0.40924424,0.37433574,0.30896527,0.34394032,0.38285276,0.40147978,0.34138152,0.4188178,0.37470502,0.3977816,0.30149612,0.35771847,0.29015648,0.3482792,0.46002865,0.32936886,0.3510844,0.38665175,0.35610294,0.27862155,0.32956934,0.31974313,0.31627044,0.3172442,0.3130629,0.27522275,0.30050516,0.32900113,0.29501936,0.34876078
0.33368295,0.4111928,0.40944132,0.42134386,0.4458109,0.3589229,0.37595567,0.30585098,0.38817784,0.36311173,0.36691222,0.34922963,0.27129135,0.20814031,0.3135461,0.30975068,0.32420462,0.33688414,0.40182266,0.25789168,0.40242115,0.3930362,0.4114272,0.3894574,0.36221522,0.39595568,0.342851,0.31628224,0.4243073,0.4538722,0.673659,0.5234505,1.0000002,0.63832355,0.5616797,0.46932206,0.6284814,0.42588666,0.65723497,0.53454083,0.28723037,0.27349862,0.3057882,0.40374053,0.3471622,0.2560967,0.28481877,0.3042203,0.38567957,0.29897743,0.1998633,0.24736631,0.30602354,0.3021591,0.30696642,0.25518295,0.27218074,0.2867147,0.26676333,0.25451726,0.27180156,0.33836424,0.28803092,0.3433282,0.3141564,0.4004511,0.41586292,0.25652924,0.39085212,0.37773573,0.28993487,0.3617357,0.34075758,0.267868,0.29975206,0.34686965,0.27878302,0.293624,0.32823884,0.3120884,0.20695402,0.26243046,0.26582474,0.21858945,0.23122111,0.2199153,0.24048646,0.28573492,0.24240988,0.24653949,0.24758404
0.4664693,0.48502517,0.5359002,0.57236254,0.5600692,0.52098596,0.5043663,0.35598356,0.5567834,0.47928023,0.5383091,0.5757038,0.48899347,0.42338273,0.5413244,0.47748667,0.4936351,0.5374528,0.6101515,0.46573013,0.5631106,0.51872903,0.5497052,0.59608674,0.52474874,0.6113002,0.58111876,0.4849261,0.60846454,0.6340661,0.6933971,0.54870194,0.63832355,1.0000002,0.7138065,0.56995684,0.6547998,0.59472173,0.6973874,0.721133,0.40274057,0.4610774,0.48670718,0.5777802,0.52430487,0.486174,0.42882845,0.47715923,0.58692056,0.50842583,0.3358951,0.38198027,0.4559158,0.41187087,0.4144217,0.3178939,0.39233556,0.5085746,0.49391764,0.24948171,0.3975632,0.4841291,0.45209855,0.40506664,0.47777337,0.5181435,0.49512452,0.3900058,0.51076704,0.4666542,0.43767983,0.44595948,0.4135001,0.37057427,0.4560569,0.46236384,0.39297253,0.41709775,0.45220885,0.44415218,0.24914835,0.3718823,0.3093944,0.28893015,0.26333597,0.28529897,0.2346466,0.36274877,0.28406256,0.32279524,0.29776433
0.5967242,0.539255,0.56839687,0.60750693,0.57919586,0.5832763,0.5786942,0.48573536,0.591964,0.565358,0.6139897,0.59277856,0.5789741,0.5377998,0.5579685,0.48069865,0.55665654,0.5859846,0.60209423,0.5789642,0.65007293,0.6136007,0.58030486,0.6596561,0.54892665,0.6223896,0.6652562,0.51341254,0.6108049,0.6471288,0.7580134,0.6073427,0.5616797,0.7138065,0.9999999,0.6346292,0.6279858,0.5943969,0.7392273,0.7463759,0.50670207,0.52344143,0.5460795,0.58581847,0.5577991,0.475386,0.4251147,0.5149251,0.57828563,0.51080513,0.40301198,0.47344095,0.5019139,0.46468815,0.45477745,0.3877773,0.39945918,0.50923145,0.5336931,0.286362,0.3774861,0.49995813,0.44993195,0.42039576,0.47159708,0.450575,0.47059762,0.3905568,0.49592105,0.42754874,0.47995493,0.45749196,0.33559635,0.34043837,0.44098842,0.5029181,0.41437328,0.41235682,0.42151624,0.43162787,0.32050043,0.41533753,0.3814662,0.34619448,0.33253753,0.33373287,0.30017242,0.4257376,0.36448228,0.33791208,0.33961883
0.5571188,0.51833636,0.5257933,0.5168294,0.51870775,0.44401294,0.561254,0.44247973,0.5054163,0.47695437,0.45684063,0.43122506,0.37289587,0.379993,0.464007,0.35798845,0.42490408,0.45795718,0.46810874,0.36275634,0.5509986,0.56167954,0.47295246,0.54226923,0.46160856,0.47994998,0.53280336,0.42792135,0.5720291,0.55960315,0.54501384,0.65268564,0.46932206,0.56995684,0.6346292,1.0000001,0.737882,0.50005114,0.5457107,0.4797372,0.4940305,0.41009083,0.47858536,0.5055221,0.4958729,0.39340365,0.36391956,0.4461483,0.50382805,0.37965617,0.31207368,0.39540756,0.3891767,0.3930909,0.3658695,0.2996107,0.35012907,0.3558163,0.37388682,0.29499686,0.29107693,0.39134428,0.32760963,0.33784735,0.40057927,0.37707976,0.38493103,0.30511025,0.3603104,0.34691733,0.40823323,0.28820878,0.2654133,0.25870022,0.32834506,0.44146058,0.3064639,0.3420399,0.3489292,0.30803815,0.29111078,0.3269477,0.31790093,0.2998831,0.31878945,0.3321165,0.29290524,0.2985086,0.31654313,0.2683934,0.30566493
0.5086537,0.4634178,0.50508386,0.5554368,0.53833723,0.5001491,0.46586615,0.36607638,0.5460936,0.48175782,0.3694122,0.43655324,0.32985577,0.26989576,0.43893078,0.34372243,0.37693617,0.44038752,0.4866061,0.3019078,0.55467093,0.48569167,0.46848643,0.47387612,0.45198923,0.461176,0.48585722,0.3847109,0.5085571,0.5044909,0.62386173,0.7135534,0.6284814,0.6547998,0.6279858,0.737882,1.0000001,0.52841485,0.58294153,0.55735356,0.42579392,0.3536174,0.43344694,0.52864486,0.41052285,0.3755343,0.35366535,0.4134638,0.5107014,0.4303476,0.35604864,0.380907,0.42695236,0.41999546,0.43926832,0.3871053,0.39338976,0.40506703,0.40388146,0.41477233,0.37026742,0.4057714,0.3774998,0.32639608,0.3938426,0.3890946,0.47824922,0.34994304,0.42789146,0.46177217,0.45955545,0.3951574,0.4008835,0.39696786,0.38359302,0.50101995,0.36523443,0.34863946,0.39873806,0.41865793,0.27332562,0.3585759,0.3530314,0.3183545,0.28492478,0.31805024,0.26935568,0.3148542,0.3077163,0.33141628,0.32561654
0.43000868,0.3556203,0.48239535,0.51093304,0.45775557,0.456242,0.46185052,0.30027717,0.40868133,0.3936034,0.40370065,0.52931905,0.4440984,0.36720726,0.41349208,0.3898692,0.44540024,0.41284063,0.42337683,0.44934866,0.4889714,0.4143655,0.5428406,0.4708007,0.4966412,0.44353008,0.5001091,0.50849086,0.5598403,0.45970598,0.52665627,0.60211635,0.42588666,0.59472173,0.5943969,0.50005114,0.52841485,1.0000002,0.5630966,0.6099011,0.33484304,0.43239045,0.47128177,0.5027293,0.3890106,0.3539499,0.36206198,0.4350539,0.49500686,0.43907735,0.38103387,0.25490302,0.41204754,0.2944233,0.31265816,0.25548035,0.260933,0.43783978,0.42828986,0.17491695,0.3152715,0.39700937,0.42871395,0.33236703,0.45767015,0.39446032,0.42549422,0.32819203,0.38515043,0.47231984,0.4778238,0.47702968,0.3949555,0.37947398,0.4050124,0.42211178,0.4244636,0.28495824,0.40951523,0.37825358,0.22085926,0.33816585,0.29206073,0.27723223,0.24247499,0.24626438,0.17867838,0.3307324,0.35888487,0.26333606,0.31043848
0.47703683,0.47222704,0.55673766,0.54097676,0.5931611,0.4897525,0.543555,0.39314505,0.5302317,0.4845599,0.5366989,0.51066273,0.49876425,0.49543697,0.5045004,0.4571184,0.4545092,0.5191193,0.5715832,0.49980965,0.5840991,0.5955199,0.5820643,0.6054988,0.59546906,0.60910904,0.55865884,0.56745195,0.6106856,0.6471987,0.75666064,0.59623724,0.65723497,0.6973874,0.7392273,0.5457107,0.58294153,0.5630966,0.99999994,0.6707999,0.42211992,0.43014446,0.4674914,0.53482825,0.49299634,0.42948082,0.3958612,0.50634074,0.54561514,0.4901424,0.36038777,0.45312536,0.45604956,0.4099287,0.3901964,0.3334981,0.3595822,0.4496051,0.4457672,0.1870368,0.3916133,0.44925937,0.45614228,0.43900633,0.42104113,0.44902402,0.4616516,0.36694303,0.5316077,0.39864552,0.41036278,0.43844855,0.3617411,0.32948974,0.4194552,0.4469464,0.3989321,0.37487227,0.44024414,0.43900615,0.31238303,0.39127606,0.35594067,0.34315142,0.33618453,0.31601343,0.32293078,0.3984137,0.36351034,0.35114923,0.34064665
0.46194923,0.4688097,0.51414746,0.569,0.5008856,0.5184572,0.45507544,0.3146616,0.5183137,0.46973068,0.48447424,0.5253998,0.46954763,0.4696223,0.47594333,0.39890376,0.46813595,0.4827456,0.53347707,0.5017849,0.6181171,0.44338676,0.5709791,0.58375067,0.4326939,0.53708476,0.61201674,0.46284977,0.51385826,0.5134125,0.64856774,0.5436985,0.53454083,0.721133,0.7463759,0.4797372,0.55735356,0.6099011,0.6707999,1.0,0.37384996,0.50229585,0.45663857,0.5213236,0.42598227,0.40448147,0.42657217,0.44551003,0.4955279,0.4776013,0.3727092,0.35307738,0.4680854,0.39346626,0.40459827,0.32481277,0.32962704,0.50151473,0.5037601,0.21341468,0.3525704,0.47201765,0.45463344,0.3473611,0.46811047,0.4558018,0.49338695,0.35382718,0.48633835,0.39884531,0.472202,0.4457636,0.34707147,0.35342643,0.4616367,0.4412763,0.43414217,0.38489658,0.42231622,0.44361693,0.29882672,0.40958413,0.32361913,0.3158627,0.2581793,0.28118557,0.2276683,0.39660785,0.29071832,0.26526594,0.27233875
0.6335124,0.6061612,0.61430526,0.57432044,0.63112634,0.62790394,0.63490963,0.5751785,0.58213603,0.61507976,0.6064778,0.6123843,0.6205294,0.579567,0.6653516,0.5211552,0.6293624,0.67080384,0.6123202,0.60616636,0.532029,0.54580927,0.44930673,0.48920828,0.47729728,0.4306619,0.49833614,0.36932874,0.5353731,0.5968397,0.3271472,0.37837464,0.28723037,0.40274057,0.50670207,0.4940305,0.42579392,0.33484304,0.42211992,0.37384996,0.99999994,0.66711175,0.6951958,0.7016119,0.75645787,0.66231924,0.644845,0.5979836,0.68273026,0.58735514,0.38445997,0.4199047,0.43816888,0.41186732,0.40880165,0.33792722,0.38157037,0.45730662,0.4759486,0.28892478,0.45003933,0.50389934,0.49044517,0.4031661,0.47114694,0.42041248,0.44178718,0.50177515,0.44446266,0.4353954,0.50568664,0.36827824,0.3601763,0.3976251,0.44621915,0.49936375,0.42090213,0.4472587,0.46780145,0.38562247,0.3811708,0.4559131,0.45087546,0.41387656,0.3908414,0.43609583,0.39337656,0.432562,0.3788662,0.41874972,0.39070237
