0,1,2,3,4,5,6,7,8,9,10,11,12,13,14,15,16,17,18,19,20,21,22,23,24,25,26,27,28,29,30,31,32,33,34,35,36,37,38,39,40,41,42,43,44,45,46,47,48,49,50,51,52,53,54,55,56,57,58,59,60,61,62,63,64,65,66,67,68,69
1.0000002,0.683665,0.9026682,0.6331352,0.61367685,0.6150785,0.67694,0.80872923,0.68034977,0.92005926,0.50778544,0.3603711,0.42310774,0.41652626,0.43543407,0.33452153,0.3024975,0.44253993,0.29122412,0.40996152,0.46917823,0.5794525,0.56626356,0.58986485,0.493144,0.5228059,0.6222327,0.60000336,0.6047329,0.6040669,0.29674006,0.3864121,0.32361925,0.33725065,0.35449192,0.3039234,0.19091018,0.35948503,0.3652598,0.36838165,0.26747835,0.28760424,0.32293773,0.28979462,0.23626214,0.3375844,0.31096888,0.22169496,0.20911399,0.3131759,0.30469665,0.37817445,0.27582532,0.47903505,0.3619163,0.29348,0.32216996,0.4013589,0.39190775,0.28282607,0.15484901,0.27128467,0.30021864,0.19219351,0.20767304,0.31732097,0.31336784,0.3218891,0.16126758,0.2626921
0.683665,1.0000001,0.6830695,0.69329196,0.7000671,0.8421932,0.6354671,0.5931626,0.8959037,0.63865805,0.43941784,0.384344,0.42037848,0.3893473,0.398766,0.32146612,0.31794968,0.43365535,0.29723743,0.42200804,0.44916105,0.4291208,0.37779275,0.43675512,0.30987304,0.44891766,0.45594206,0.48495,0.4616042,0.47783488,0.26486826,0.37922838,0.32486215,0.32837996,0.31261846,0.3197806,0.26476404,0.3134562,0.32000187,0.40332666,0.27920023,0.2108787,0.19101961,0.18874605,0.14679086,0.25092384,0.24732779,0.11166573,0.11243435,0.28535548,0.43918222,0.44471276,0.3917978,0.45023492,0.5030335,0.4315677,0.34317145,0.4526998,0.49437326,0.41448683,0.30169082,0.44754493,0.44184008,0.35185647,0.3808095,0.5400361,0.42976087,0.533805,0.34166166,0.45133373
0.9026682,0.6830695,1.0000001,0.5971865,0.58379936,0.5801306,0.6403591,0.7503364,0.6721806,0.8717688,0.53783524,0.36427158,0.43410677,0.4390225,0.43234497,0.32141173,0.3135974,0.43979257,0.31744298,0.3982415,0.49750212,0.5785447,0.55648386,0.59627235,0.5333289,0.51013964,0.61107737,0.5861208,0.57477283,0.5898362,0.36457357,0.48139805,0.4058399,0.4196907,0.43341088,0.3671905,0.25965163,0.4525341,0.45655906,0.44723743,0.28256974,0.25647366,0.28589678,0.27491271,0.19530232,0.28927258,0.2611185,0.19295873,0.14588034,0.25778395,0.33524626,0.45831394,0.3121912,0.4714947,0.42940053,0.3537784,0.34734616,0.42050081,0.4061233,0.34656188,0.20647472,0.32643217,0.32244247,0.19441147,0.22006297,0.35820115,0.3637238,0.3928984,0.17059663,0.28570318
0.6331352,0.69329196,0.5971865,0.99999994,0.6428722,0.73035693,0.5751037,0.48845774,0.68263555,0.5776756,0.41910934,0.29917884,0.40739205,0.30799314,0.2872562,0.24201457,0.26394373,0.41409326,0.2499254,0.4134574,0.52176034,0.460954,0.44674346,0.44652894,0.385721,0.5509561,0.53457344,0.49363118,0.60866493,0.4583046,0.2984248,0.3596508,0.29372868,0.28587228,0.29102886,0.25684562,0.13449153,0.31106508,0.27610296,0.36256218,0.21829136,0.18010749,0.15363759,0.15213513,0.11403217,0.2709387,0.20512801,0.085889846,0.11464907,0.2463719,0.3396605,0.40575257,0.33652213,0.43900606,0.5283775,0.35322613,0.33338565,0.34749675,0.42804253,0.33046928,0.11781883,0.29632303,0.33968326,0.20867607,0.21098632,0.39722377,0.3390817,0.35242623,0.22930941,0.40116742
0.61367685,0.7000671,0.58379936,0.6428722,1.0,0.81735384,0.6278951,0.59995425,0.7274809,0.59281963,0.44220918,0.41938147,0.41741914,0.35660675,0.33274853,0.26152843,0.2914127,0.37517148,0.2965339,0.39624566,0.43928355,0.29918474,0.4277566,0.31585312,0.3089357,0.4679243,0.38566858,0.37968975,0.40826452,0.3576379,0.28201357,0.3940065,0.320135,0.24962837,0.30324483,0.3368358,0.1876477,0.23610815,0.29096797,0.389839,0.29228157,0.21789241,0.113797456,0.12410953,0.15507263,0.19065848,0.16861917,0.124376304,0.099454105,0.3127447,0.36258408,0.44661057,0.35233617,0.45915672,0.4673278,0.40542743,0.34367287,0.41779,0.4434938,0.29827103,0.17493144,0.32684484,0.44190297,0.3121706,0.22557813,0.41652682,0.38694596,0.41107213,0.2955946,0.36855268
0.6150785,0.8421932,0.5801306,0.73035693,0.81735384,1.0000001,0.6182525,0.56097895,0.83333504,0.5952892,0.34769347,0.34480873,0.3407143,0.2894276,0.3369894,0.23614755,0.22331978,0.30541667,0.21377873,0.37917274,0.4099103,0.30218652,0.32660818,0.3100772,0.22973044,0.44987962,0.36721483,0.39971387,0.39166617,0.34994498,0.20847954,0.34009314,0.2449771,0.21864448,0.24703844,0.28397778,0.19681935,0.19906369,0.2261612,0.36729178,0.25518933,0.2313846,0.08646735,0.11673954,0.098388724,0.1906555,0.17281778,0.10163773,0.09397009,0.35796618,0.35350782,0.4022058,0.3171063,0.41027418,0.42515597,0.39718908,0.26379126,0.38541234,0.4263728,0.3208461,0.184931,0.2991309,0.42705762,0.36385494,0.2940254,0.48803702,0.34367937,0.40841877,0.32735556,0.4275369
0.67694,0.6354671,0.6403591,0.5751037,0.6278951,0.6182525,1.0000001,0.63326377,0.6428695,0.6433884,0.47889575,0.3950919,0.38898847,0.38497397,0.36936352,0.25687596,0.32153708,0.45705512,0.24928336,0.38281927,0.45718712,0.42333037,0.44020635,0.4254051,0.3277622,0.4811743,0.49994895,0.44082782,0.46452942,0.45376736,0.26795432,0.39469957,0.32409152,0.29257566,0.31484035,0.35490984,0.20035061,0.28935853,0.30836818,0.3747187,0.28488362,0.26886442,0.25617453,0.23958625,0.21826914,0.2837708,0.22432761,0.18913633,0.20483783,0.31799817,0.35647488,0.42539784,0.42436817,0.45998287,0.44401434,0.37510112,0.36512437,0.40664735,0.4520832,0.28526294,0.16027062,0.30808488,0.392641,0.23346445,0.19557822,0.40945476,0.35261965,0.381154,0.2203162,0.36135626
0.80872923,0.5931626,0.7503364,0.48845774,0.59995425,0.56097895,0.63326377,1.0000001,0.64417034,0.75976306,0.5243219,0.3274986,0.39955646,0.4514635,0.4924252,0.2944951,0.3566848,0.28484052,0.2926741,0.39601666,0.34237432,0.3741016,0.503384,0.3929977,0.41455334,0.34680143,0.46072096,0.3987561,0.4044018,0.3871936,0.2903392,0.3517308,0.33143085,0.31942755,0.33381438,0.29509664,0.19181186,0.37113687,0.35923234,0.33011392,0.2717193,0.2569777,0.28731066,0.264437,0.24868062,0.3016022,0.27339298,0.26521775,0.20428038,0.2605808,0.3055448,0.37443903,0.36261266,0.46615717,0.28654048,0.37292334,0.40053,0.36936837,0.3678357,0.28190476,0.12279561,0.20359856,0.21405707,0.16714072,0.17892715,0.2719359,0.27374542,0.27156168,0.19973092,0.22224638
0.68034977,0.8959037,0.6721806,0.68263555,0.7274809,0.83333504,0.6428695,0.64417034,0.99999994,0.6373061,0.44778273,0.38837162,0.4127217,0.41018537,0.4238321,0.3478948,0.345597,0.42953897,0.32523507,0.45392343,0.44130176,0.36463243,0.349787,0.39123315,0.26306838,0.42656067,0.42198068,0.42214558,0.4292694,0.41593876,0.26929894,0.3746693,0.3154124,0.28387204,0.29160053,0.29238492,0.24477144,0.2803587,0.33459046,0.38212955,0.29936403,0.27001452,0.19556868,0.1988006,0.18352097,0.26797011,0.25437844,0.17805654,0.14311188,0.31725866,0.39270145,0.40977776,0.357256,0.40857923,0.43732184,0.40670836,0.35106894,0.4228622,0.4411935,0.3183002,0.2379029,0.36175975,0.42298424,0.31509456,0.28368616,0.49179798,0.38735607,0.44907328,0.32985765,0.3910216
0.92005926,0.63865805,0.8717688,0.5776756,0.59281963,0.5952892,0.6433884,0.75976306,0.6373061,0.99999976,0.4769063,0.3295184,0.39815083,0.38979375,0.3806258,0.30580974,0.2558642,0.3793757,0.26113287,0.36006343,0.57379687,0.5710628,0.5552571,0.56426024,0.48322782,0.5156732,0.59273106,0.57691234,0.5565496,0.57096004,0.3076374,0.3841355,0.38788143,0.34462398,0.3583355,0.30685306,0.20711239,0.35725325,0.3657201,0.36950067,0.31049314,0.26745167,0.32159537,0.3004317,0.21813563,0.32687053,0.28694934,0.20699222,0.17274049,0.29539916,0.29620788,0.4388678,0.2739623,0.4605711,0.3706028,0.28819448,0.30635712,0.41573662,0.367692,0.29546413,0.15482627,0.2685736,0.29724696,0.16654657,0.16416268,0.32112586,0.31807178,0.32262644,0.16086562,0.2716601
0.50778544,0.43941784,0.53783524,0.41910934,0.44220918,0.34769347,0.47889575,0.5243219,0.44778273,0.4769063,1.0000001,0.62843263,0.6184741,0.6522892,0.6373374,0.48689008,0.59280807,0.6116153,0.6082768,0.6919149,0.41107213,0.45032817,0.5485048,0.45676038,0.5027285,0.40340248,0.4645935,0.36675552,0.43972546,0.47741595,0.37944776,0.46753466,0.39377978,0.38288334,0.36222917,0.33328408,0.22643025,0.46278852,0.44500667,0.43535563,0.26627353,0.22460932,0.19181344,0.2365695,0.21857925,0.23401071,0.18292665,0.16235465,0.14357466,0.19216515,0.3008533,0.39968693,0.41147983,0.42385834,0.42504084,0.32085657,0.37685075,0.3249332,0.40342107,0.32020032,0.2916604,0.46219042,0.41781008,0.23289748,0.3215515,0.3811946,0.4464085,0.4852352,0.20337035,0.338844
0.3603711,0.384344,0.36427158,0.29917884,0.41938147,0.34480873,0.3950919,0.3274986,0.38837162,0.3295184,0.62843263,1.0,0.60141313,0.46563423,0.5248095,0.5680163,0.5486198,0.6742477,0.58607984,0.6607686,0.34676787,0.34306264,0.33163255,0.34909862,0.32695445,0.31416416,0.32298383,0.29842275,0.34449726,0.42975774,0.25783342,0.33452246,0.2927649,0.25109327,0.2507741,0.29216212,0.18227047,0.25165328,0.29091543,0.37514418,0.21504368,0.2239639,0.2444601,0.24061522,0.24625215,0.22155969,0.20567748,0.16038544,0.15805009,0.27400455,0.26521987,0.2598271,0.32537958,0.25041306,0.3216839,0.22057468,0.28274867,0.26477897,0.29282188,0.19502814,0.3250546,0.42074805,0.4451941,0.27746361,0.37333992,0.37581623,0.3574372,0.43286937,0.19417998,0.2790714
0.42310774,0.42037848,0.43410677,0.40739205,0.41741914,0.3407143,0.38898847,0.39955646,0.4127217,0.39815083,0.6184741,0.60141313,1.0000002,0.56805676,0.5102454,0.60121274,0.60649353,0.62295043,0.6218598,0.5959562,0.4255371,0.4553979,0.40927982,0.42539665,0.40444374,0.3925293,0.4207299,0.40897718,0.43301243,0.46077928,0.39271218,0.44650418,0.37929165,0.39513257,0.3458207,0.30424505,0.1473789,0.37051523,0.46216753,0.42466548,0.27221534,0.16829894,0.18547508,0.2466645,0.20515388,0.24240327,0.24177745,0.07701541,0.11528922,0.19210914,0.273766,0.36158484,0.36184105,0.42166293,0.41289946,0.24759701,0.3442123,0.26589632,0.42329016,0.2487568,0.1685611,0.37906677,0.45302224,0.12105332,0.28785014,0.36362597,0.36866868,0.44278345,0.14535542,0.3774324
0.41652626,0.3893473,0.4390225,0.30799314,0.35660675,0.2894276,0.38497397,0.4514635,0.41018537,0.38979375,0.6522892,0.46563423,0.56805676,1.0,0.5148852,0.43030098,0.6059123,0.4828429,0.5602873,0.53941715,0.31361088,0.373007,0.40658343,0.38223296,0.37983495,0.30582362,0.37761456,0.31239736,0.3481684,0.34184486,0.30122656,0.37612468,0.3353932,0.30644783,0.2887823,0.29753104,0.12842228,0.39116764,0.37198693,0.30998328,0.27570692,0.15804806,0.13304427,0.16743973,0.19338635,0.18435557,0.17767762,0.0939949,0.039517134,0.06873487,0.27905864,0.3416781,0.36265397,0.38030556,0.3675439,0.21156827,0.3244387,0.2991964,0.3434272,0.27698544,0.17594227,0.42642382,0.37338108,0.16852492,0.19312604,0.35231262,0.39062196,0.4158978,0.13960476,0.315606
0.43543407,0.398766,0.43234497,0.2872562,0.33274853,0.3369894,0.36936352,0.4924252,0.4238321,0.3806258,0.6373374,0.5248095,0.5102454,0.5148852,1.0000001,0.5507861,0.45482656,0.46416014,0.55295163,0.56543857,0.22668344,0.24315195,0.31816703,0.27427688,0.24411938,0.16216588,0.31200343,0.21857828,0.24029769,0.3127044,0.28481638,0.34255376,0.278388,0.29827756,0.2689382,0.28883263,0.23565817,0.2860371,0.38547188,0.3437579,0.20386371,0.25921336,0.23100102,0.2564135,0.2322964,0.26868954,0.24488838,0.29715636,0.20951177,0.297843,0.21052581,0.2606346,0.25077146,0.2559024,0.19440748,0.17322025,0.2500187,0.21261111,0.22342159,0.17502223,0.1352466,0.26531026,0.2896042,0.13146232,0.291367,0.32902354,0.30786395,0.31556696,0.20622687,0.25550833
0.33452153,0.32146612,0.32141173,0.24201457,0.26152843,0.23614755,0.25687596,0.2944951,0.3478948,0.30580974,0.48689008,0.5680163,0.60121274,0.43030098,0.5507861,1.0000001,0.5210856,0.5303409,0.64483863,0.55758715,0.27517557,0.30138522,0.21581617,0.31085896,0.27511802,0.18909766,0.2416337,0.22983783,0.28318235,0.34239605,0.23197445,0.18622303,0.15832157,0.20013668,0.13115926,0.14852008,0.12412646,0.19842124,0.22572531,0.2693614,0.1550664,0.26215982,0.36087254,0.3142524,0.27232045,0.3181993,0.3010952,0.27434745,0.2379881,0.27205697,0.26885775,0.17849986,0.19135027,0.21950182,0.19476822,0.07655048,0.16106416,0.2169194,0.20629537,0.15492707,0.22557725,0.29881686,0.3962466,0.15958877,0.3688041,0.34970903,0.31446713,0.29283687,0.20052087,0.23755339
0.3024975,0.31794968,0.3135974,0.26394373,0.2914127,0.22331978,0.32153708,0.3566848,0.345597,0.2558642,0.59280807,0.5486198,0.60649353,0.6059123,0.45482656,0.5210856,1.0000001,0.4836507,0.6353229,0.6040125,0.23303849,0.24404581,0.21866281,0.21937159,0.23118512,0.18846828,0.24922208,0.17070954,0.23432946,0.24416256,0.21682295,0.2674325,0.24184501,0.2523301,0.20867844,0.15391877,0.13201387,0.4296053,0.26761243,0.26573282,0.2239311,0.13142793,0.21255329,0.21189243,0.201526,0.17923056,0.19434528,0.07232789,0.109547496,0.126265,0.32275206,0.26993835,0.49254966,0.3307442,0.2912801,0.22505112,0.3861461,0.23267376,0.32520112,0.24560404,0.22023353,0.37543035,0.42653805,0.21465819,0.3132491,0.3102248,0.3672916,0.43119365,0.15474118,0.27802637
0.44253993,0.43365535,0.43979257,0.41409326,0.37517148,0.30541667,0.45705512,0.28484052,0.42953897,0.3793757,0.6116153,0.6742477,0.62295043,0.4828429,0.46416014,0.5303409,0.4836507,0.99999994,0.5879402,0.616048,0.46291295,0.53028893,0.4016882,0.54679453,0.357265,0.4465096,0.5202428,0.46601078,0.5216185,0.6575654,0.31045613,0.33325416,0.27575043,0.30463088,0.25889617,0.24637778,0.22387303,0.2735107,0.30993462,0.35767552,0.24396752,0.22790967,0.27187634,0.28072602,0.18316741,0.21006598,0.24575056,0.10187589,0.23301966,0.24946672,0.21509938,0.23423466,0.21689479,0.20185487,0.37230396,0.13646108,0.20079674,0.2191369,0.25473866,0.13785058,0.26385927,0.43873984,0.42978364,0.1834889,0.29926524,0.3991123,0.39097783,0.40276095,0.168643,0.298401
0.29122412,0.29723743,0.31744298,0.2499254,0.2965339,0.21377873,0.24928336,0.2926741,0.32523507,0.26113287,0.6082768,0.58607984,0.6218598,0.5602873,0.55295163,0.64483863,0.6353229,0.5879402,1.0000002,0.634439,0.2467901,0.2986525,0.25644058,0.29746047,0.28459144,0.1948649,0.23882125,0.22381747,0.26803386,0.35088983,0.2662533,0.32531765,0.27524996,0.2995351,0.23848014,0.20385948,0.15436319,0.31086132,0.33262655,0.30914238,0.24701448,0.20012149,0.22262603,0.26412612,0.21375188,0.24009742,0.237562,0.12511581,0.10547456,0.14295024,0.24497491,0.2340134,0.24839202,0.2236101,0.27970526,0.09916015,0.19333065,0.19522917,0.20739824,0.1779739,0.20785438,0.41538078,0.3867935,0.15246117,0.29578146,0.33771226,0.4178169,0.4172878,0.16753945,0.24013409
0.40996152,0.42200804,0.3982415,0.4134574,0.39624566,0.37917274,0.38281927,0.39601666,0.45392343,0.36006343,0.6919149,0.6607686,0.5959562,0.53941715,0.56543857,0.55758715,0.6040125,0.616048,0.634439,1.0000001,0.35714188,0.34482747,0.30110458,0.37755758,0.33389544,0.37903693,0.37563106,0.32574946,0.42764902,0.40088725,0.22934139,0.3131399,0.23013952,0.2738929,0.20662805,0.19093446,0.18888195,0.3162098,0.29611173,0.32257614,0.21812183,0.25284213,0.20352297,0.20908731,0.24026781,0.29965922,0.28285262,0.16202308,0.16133843,0.3031843,0.26822117,0.2538226,0.31760493,0.29489356,0.28942212,0.20257093,0.27476096,0.23783492,0.29444206,0.2007176,0.23153974,0.39210355,0.4156949,0.20501289,0.35192567,0.33019355,0.3815112,0.42570052,0.19301751,0.2761684
0.46917823,0.44916105,0.49750212,0.52176034,0.43928355,0.4099103,0.45718712,0.34237432,0.44130176,0.57379687,0.41107213,0.34676787,0.4255371,0.31361088,0.22668344,0.27517557,0.23303849,0.46291295,0.2467901,0.35714188,1.0000004,0.71174455,0.5877891,0.7109664,0.5577516,0.75511074,0.74430513,0.6873456,0.7590184,0.66153145,0.30981085,0.3925359,0.42537588,0.32085177,0.28593,0.2990455,0.2543473,0.33758307,0.28578705,0.40763468,0.16611448,0.24951859,0.22907148,0.19485041,0.08554329,0.25812402,0.20262659,0.08499388,0.15646173,0.25738955,0.2846023,0.470226,0.30296895,0.39937696,0.51819295,0.3354097,0.28369266,0.3745282,0.39181972,0.33295983,0.15829165,0.3061292,0.36409375,0.19483712,0.08283964,0.40106887,0.36402464,0.3631137,0.20946229,0.35205415
0.5794525,0.4291208,0.5785447,0.460954,0.29918474,0.30218652,0.42333037,0.3741016,0.36463243,0.5710628,0.45032817,0.34306264,0.4553979,0.373007,0.24315195,0.30138522,0.24404581,0.53028893,0.2986525,0.34482747,0.71174455,1.0000002,0.69960725,0.91800535,0.71611565,0.7703962,0.84409565,0.89436805,0.8112056,0.89523464,0.28164643,0.41937593,0.3375313,0.36413145,0.32297096,0.27042243,0.2325251,0.42413676,0.36066782,0.4333176,0.16941239,0.25831154,0.29864353,0.26959583,0.16896644,0.343459,0.2821959,0.086605944,0.11740636,0.24587706,0.24077335,0.38115466,0.23709035,0.43517372,0.49827,0.25726622,0.28482535,0.3629985,0.38890737,0.3682725,0.1814173,0.3231654,0.28416246,0.17146298,0.12197222,0.34358925,0.31742024,0.33382958,0.109823644,0.2618262
0.56626356,0.37779275,0.55648386,0.44674346,0.4277566,0.32660818,0.44020635,0.503384,0.349787,0.5552571,0.5485048,0.33163255,0.40927982,0.40658343,0.31816703,0.21581617,0.21866281,0.4016882,0.25644058,0.30110458,0.5877891,0.69960725,1.0000004,0.6883702,0.8147286,0.668619,0.753859,0.6568577,0.72478366,0.6720279,0.40601993,0.46469688,0.44386482,0.39761242,0.4668145,0.4114744,0.21130353,0.413392,0.44065356,0.4255171,0.14071202,0.2373698,0.23217753,0.24062084,0.18248448,0.2788622,0.23260452,0.17736067,0.18544112,0.20600228,0.20525064,0.4040255,0.24762422,0.4916102,0.3918603,0.2870406,0.34883523,0.38010678,0.3667551,0.2980939,0.13461883,0.23422004,0.21927041,0.15832533,0.14678076,0.29599229,0.2964087,0.23406588,0.12584539,0.26140827
0.58986485,0.43675512,0.59627235,0.44652894,0.31585312,0.3100772,0.4254051,0.3929977,0.39123315,0.56426024,0.45676038,0.34909862,0.42539665,0.38223296,0.27427688,0.31085896,0.21937159,0.54679453,0.29746047,0.37755758,0.7109664,0.91800535,0.6883702,1.0,0.72664964,0.760963,0.86323124,0.88603455,0.81890315,0.90213984,0.31209785,0.40192384,0.2878234,0.33652055,0.2907286,0.2740647,0.25855687,0.4301908,0.34198365,0.41205728,0.15124786,0.26912162,0.2754665,0.26071003,0.14500861,0.3345366,0.26356387,0.1041799,0.17307696,0.27020246,0.22546521,0.31443387,0.2005463,0.37671953,0.45890477,0.2523714,0.25695428,0.32143128,0.39807463,0.3208889,0.24192902,0.31889492,0.32152382,0.23054501,0.1389887,0.36364964,0.32113278,0.3180281,0.14432481,0.2940519
0.493144,0.30987304,0.5333289,0.385721,0.3089357,0.22973044,0.3277622,0.41455334,0.26306838,0.48322782,0.5027285,0.32695445,0.40444374,0.37983495,0.24411938,0.27511802,0.23118512,0.357265,0.28459144,0.33389544,0.5577516,0.71611565,0.8147286,0.72664964,1.0000001,0.5825098,0.67617095,0.6850949,0.6700534,0.67890596,0.34849986,0.43334967,0.37590668,0.39662623,0.3961323,0.3575582,0.20247218,0.4785542,0.40684468,0.3884381,0.09510243,0.20057154,0.23223661,0.23416947,0.17546059,0.26663974,0.22227961,0.12387838,0.14408275,0.1780759,0.22908041,0.33831918,0.23637201,0.4506064,0.40464678,0.3099837,0.3042183,0.31814855,0.3788873,0.3765092,0.1762652,0.2092534,0.17424288,0.12185237,0.16843809,0.22673231,0.23730698,0.22186865,0.09979805,0.2129505
0.5228059,0.44891766,0.51013964,0.5509561,0.4679243,0.44987962,0.4811743,0.34680143,0.42656067,0.5156732,0.40340248,0.31416416,0.3925293,0.30582362,0.16216588,0.18909766,0.18846828,0.4465096,0.1948649,0.37903693,0.75511074,0.7703962,0.668619,0.760963,0.5825098,1.0000002,0.8622037,0.7619722,0.8978529,0.7135846,0.26364183,0.35519302,0.24733059,0.23562284,0.2536996,0.2499472,0.111860745,0.2465507,0.22186163,0.3841952,0.068114035,0.23815633,0.13873954,0.09783156,0.07780923,0.27237514,0.17390898,0.03629792,0.08380761,0.31880158,0.19263244,0.34128752,0.27109188,0.40688285,0.49144834,0.2845343,0.23006241,0.32684118,0.39195946,0.28395885,0.13953833,0.31903094,0.4306444,0.3141618,0.09355955,0.3909111,0.32943904,0.35127187,0.21351287,0.33612698
0.6222327,0.45594206,0.61107737,0.53457344,0.38566858,0.36721483,0.49994895,0.46072096,0.42198068,0.59273106,0.4645935,0.32298383,0.4207299,0.37761456,0.31200343,0.2416337,0.24922208,0.5202428,0.23882125,0.37563106,0.74430513,0.84409565,0.753859,0.86323124,0.67617095,0.8622037,1.0,0.8124737,0.89740574,0.8084217,0.3396583,0.38193658,0.3123404,0.32205814,0.328149,0.30785635,0.203741,0.37114108,0.3099556,0.4001307,0.09801498,0.2493168,0.23578179,0.20592271,0.1336255,0.3211203,0.23432773,0.10221342,0.16780952,0.29037026,0.20322923,0.34958676,0.2571561,0.4245568,0.43666106,0.2668521,0.2660244,0.32154462,0.3690403,0.2704293,0.12889776,0.29349422,0.30359477,0.18767709,0.11801518,0.34329998,0.2945179,0.3113677,0.16518322,0.31494758
0.60000336,0.48495,0.5861208,0.49363118,0.37968975,0.39971387,0.44082782,0.3987561,0.42214558,0.57691234,0.36675552,0.29842275,0.40897718,0.31239736,0.21857828,0.22983783,0.17070954,0.46601078,0.22381747,0.32574946,0.6873456,0.89436805,0.6568577,0.88603455,0.6850949,0.7619722,0.8124737,0.99999994,0.79165316,0.8532568,0.24096586,0.41235548,0.27113006,0.3239684,0.28685045,0.26438484,0.2036318,0.37184352,0.34200805,0.41835305,0.16692424,0.27845043,0.21715388,0.19393195,0.13582127,0.30421293,0.2678468,0.08911546,0.11194038,0.2795251,0.27917093,0.34535465,0.22613522,0.40678632,0.48084834,0.31840998,0.25021216,0.32766613,0.40616328,0.3521664,0.17046595,0.29251662,0.2774617,0.21446808,0.091583446,0.3255298,0.29713768,0.32354537,0.14395615,0.28839302
0.6047329,0.4616042,0.57477283,0.60866493,0.40826452,0.39166617,0.46452942,0.4044018,0.4292694,0.5565496,0.43972546,0.34449726,0.43301243,0.3481684,0.24029769,0.28318235,0.23432946,0.5216185,0.26803386,0.42764902,0.7590184,0.8112056,0.72478366,0.81890315,0.6700534,0.8978529,0.89740574,0.79165316,1.0000001,0.76604325,0.3102122,0.3477757,0.30426672,0.28402236,0.31672803,0.26535514,0.12292747,0.32196602,0.2793957,0.38415432,0.08432385,0.23144417,0.22405243,0.19249552,0.107279845,0.30462688,0.23331039,0.090643294,0.15248668,0.2444536,0.21587414,0.36265105,0.24141917,0.41936168,0.47672275,0.27483976,0.27429622,0.35778317,0.38039222,0.29289648,0.14021851,0.31016493,0.32696512,0.20891818,0.12635553,0.37540704,0.32687345,0.31635964,0.16559398,0.32043344
0.6040669,0.47783488,0.5898362,0.4583046,0.3576379,0.34994498,0.45376736,0.3871936,0.41593876,0.57096004,0.47741595,0.42975774,0.46077928,0.34184486,0.3127044,0.34239605,0.24416256,0.6575654,0.35088983,0.40088725,0.66153145,0.89523464,0.6720279,0.90213984,0.67890596,0.7135846,0.8084217,0.8532568,0.76604325,1.0000001,0.26684982,0.3859997,0.28037697,0.33299124,0.27729213,0.2545671,0.26888835,0.36372218,0.3396645,0.39469475,0.18468936,0.28701353,0.31422558,0.3211962,0.20226923,0.36954647,0.31749335,0.15095557,0.24778321,0.3391135,0.24570973,0.30703944,0.17745113,0.35673073,0.43516392,0.20467992,0.23568848,0.30571032,0.34304786,0.2831208,0.25070527,0.33538955,0.29695237,0.18497156,0.21808386,0.35097328,0.30674112,0.31907272,0.12764327,0.24595645
0.29674006,0.26486826,0.36457357,0.2984248,0.28201357,0.20847954,0.26795432,0.2903392,0.26929894,0.3076374,0.37944776,0.25783342,0.39271218,0.30122656,0.28481638,0.23197445,0.21682295,0.31045613,0.2662533,0.22934139,0.30981085,0.28164643,0.40601993,0.31209785,0.34849986,0.26364183,0.3396583,0.24096586,0.3102122,0.26684982,1.0,0.59904945,0.6121111,0.6515776,0.6907429,0.6454553,0.37052184,0.54496205,0.652834,0.65881675,0.22660212,0.1543679,0.20153806,0.23440018,0.16815898,0.17619099,0.18962416,0.13248417,0.17512728,0.13657475,0.22584854,0.3830951,0.26581535,0.40870106,0.36130795,0.20508394,0.32347262,0.33516213,0.33107185,0.216267,0.11943788,0.25179932,0.21418703,0.048513886,0.12330069,0.3570239,0.29437783,0.28776872,0.048522823,0.36930418
0.3864121,0.37922838,0.48139805,0.3596508,0.3940065,0.34009314,0.39469957,0.3517308,0.3746693,0.3841355,0.46753466,0.33452246,0.44650418,0.37612468,0.34255376,0.18622303,0.2674325,0.33325416,0.32531765,0.3131399,0.3925359,0.41937593,0.46469688,0.40192384,0.43334967,0.35519302,0.38193658,0.41235548,0.3477757,0.3859997,0.59904945,1.0,0.7928657,0.7446448,0.79442954,0.8054099,0.48671013,0.76859075,0.8629617,0.738252,0.31645122,0.20152731,0.18188532,0.18146232,0.16305587,0.19197325,0.18210283,0.081297524,0.027991686,0.18226881,0.32703048,0.49085394,0.3207095,0.49872625,0.5151083,0.39423507,0.3719262,0.42192733,0.44659936,0.39006186,0.15509072,0.28340676,0.29662913,0.14990902,0.16496842,0.32490274,0.33728823,0.40392506,0.10593231,0.22684087
0.32361925,0.32486215,0.4058399,0.29372868,0.320135,0.2449771,0.32409152,0.33143085,0.3154124,0.38788143,0.39377978,0.2927649,0.37929165,0.3353932,0.278388,0.15832157,0.24184501,0.27575043,0.27524996,0.23013952,0.42537588,0.3375313,0.44386482,0.2878234,0.37590668,0.24733059,0.3123404,0.27113006,0.30426672,0.28037697,0.6121111,0.7928657,1.0,0.74996996,0.8317573,0.8069089,0.48191512,0.7158224,0.7513118,0.64333546,0.35679036,0.1033146,0.24940993,0.2253655,0.14885414,0.18623474,0.15884429,0.038708106,0.028157216,0.0408076,0.28120798,0.5707787,0.3091338,0.49478963,0.42708653,0.34715065,0.40740135,0.4624823,0.37451792,0.35849768,0.15555422,0.23208115,0.15330866,0.03238938,0.1435345,0.27644366,0.28331214,0.30620682,0.035975017,0.18845043
0.33725065,0.32837996,0.4196907,0.28587228,0.24962837,0.21864448,0.29257566,0.31942755,0.28387204,0.34462398,0.38288334,0.25109327,0.39513257,0.30644783,0.29827756,0.20013668,0.2523301,0.30463088,0.2995351,0.2738929,0.32085177,0.36413145,0.39761242,0.33652055,0.39662623,0.23562284,0.32205814,0.3239684,0.28402236,0.33299124,0.6515776,0.7446448,0.74996996,1.0000001,0.79421973,0.7686133,0.51923215,0.6762926,0.76005405,0.67485994,0.27654213,0.114557154,0.28894103,0.29896292,0.1880242,0.20406155,0.24627408,0.094394416,0.054677013,0.08267699,0.28873926,0.43916398,0.36605924,0.4889036,0.3876062,0.27309155,0.35449278,0.39224896,0.35642666,0.38059136,0.16073763,0.26075894,0.15781789,0.039970856,0.14471218,0.26585317,0.31263176,0.31902915,0.082266614,0.2264113
0.35449192,0.31261846,0.43341088,0.29102886,0.30324483,0.24703844,0.31484035,0.33381438,0.29160053,0.3583355,0.36222917,0.2507741,0.3458207,0.2887823,0.2689382,0.13115926,0.20867844,0.25889617,0.23848014,0.20662805,0.28593,0.32297096,0.4668145,0.2907286,0.3961323,0.2536996,0.328149,0.28685045,0.31672803,0.27729213,0.6907429,0.79442954,0.8317573,0.79421973,1.0000001,0.8270517,0.4743556,0.6938565,0.80729395,0.6775869,0.27976224,0.077041626,0.19303547,0.17999005,0.12885058,0.09249945,0.121866815,0.044743437,0.011029563,0.044245124,0.25812793,0.48578104,0.28260016,0.4855399,0.3580619,0.31499174,0.3878844,0.46417314,0.34925792,0.33125702,0.14852469,0.19710954,0.14526121,0.04233183,0.16549295,0.26022562,0.2564577,0.26987147,0.009220423,0.20793869
0.3039234,0.3197806,0.3671905,0.25684562,0.3368358,0.28397778,0.35490984,0.29509664,0.29238492,0.30685306,0.33328408,0.29216212,0.30424505,0.29753104,0.28883263,0.14852008,0.15391877,0.24637778,0.20385948,0.19093446,0.2990455,0.27042243,0.4114744,0.2740647,0.3575582,0.2499472,0.30785635,0.26438484,0.26535514,0.2545671,0.6454553,0.8054099,0.8069089,0.7686133,0.8270517,1.0,0.5445147,0.6740531,0.74440384,0.69715893,0.2820777,0.11289828,0.19336963,0.17027639,0.13365947,0.13866581,0.15056738,0.053452455,0.050834123,0.12654205,0.30430666,0.45788515,0.29673347,0.4542052,0.41136426,0.3579055,0.3315974,0.40755245,0.38037518,0.33621103,0.16351384,0.2111882,0.17707822,0.09556517,0.14667183,0.28658152,0.26167607,0.2639588,0.081432365,0.23262939
0.19091018,0.26476404,0.25965163,0.13449153,0.1876477,0.19681935,0.20035061,0.19181186,0.24477144,0.20711239,0.22643025,0.18227047,0.1473789,0.12842228,0.23565817,0.12412646,0.13201387,0.22387303,0.15436319,0.18888195,0.2543473,0.2325251,0.21130353,0.25855687,0.20247218,0.111860745,0.203741,0.2036318,0.12292747,0.26888835,0.37052184,0.48671013,0.48191512,0.51923215,0.4743556,0.5445147,0.9999999,0.46396595,0.47476792,0.4699366,0.30457282,0.17390965,0.2230183,0.16163915,0.11238552,0.14220674,0.17062409,0.083469555,0.12828046,0.15300013,0.30147433,0.3373786,0.23482138,0.3228777,0.29900128,0.2633807,0.29049295,0.32817632,0.25515807,0.30436674,0.33585176,0.21462077,0.18043594,0.1871296,0.13528366,0.29615623,0.24741966,0.2579707,0.13794336,0.2425963
0.35948503,0.3134562,0.4525341,0.31106508,0.23610815,0.19906369,0.28935853,0.37113687,0.2803587,0.35725325,0.46278852,0.25165328,0.37051523,0.39116764,0.2860371,0.19842124,0.4296053,0.2735107,0.31086132,0.3162098,0.33758307,0.42413676,0.413392,0.4301908,0.4785542,0.2465507,0.37114108,0.37184352,0.32196602,0.36372218,0.54496205,0.76859075,0.7158224,0.6762926,0.6938565,0.6740531,0.46396595,1.0000002,0.73431045,0.6525074,0.268721,0.17574276,0.24635598,0.22549438,0.15563169,0.201751,0.20897682,0.09113187,0.070381716,0.12533185,0.3531726,0.48357913,0.39850947,0.49693483,0.48380467,0.4379074,0.4738516,0.40342072,0.45273954,0.5056186,0.18120216,0.29508597,0.20089696,0.09194632,0.16454107,0.28136468,0.31184867,0.3322359,0.06505783,0.22407098
0.3652598,0.32000187,0.45655906,0.27610296,0.29096797,0.2261612,0.30836818,0.35923234,0.33459046,0.3657201,0.44500667,0.29091543,0.46216753,0.37198693,0.38547188,0.22572531,0.26761243,0.30993462,0.33262655,0.29611173,0.28578705,0.36066782,0.44065356,0.34198365,0.40684468,0.22186163,0.3099556,0.34200805,0.2793957,0.3396645,0.652834,0.8629617,0.7513118,0.76005405,0.80729395,0.74440384,0.47476792,0.73431045,1.0000004,0.7057795,0.3317107,0.19570622,0.2540464,0.27115583,0.22535275,0.23202218,0.23237123,0.19831246,0.05028987,0.12900823,0.2835888,0.457461,0.25524643,0.46891657,0.41373467,0.289727,0.38774917,0.39308375,0.40750027,0.34647492,0.10002829,0.24830578,0.19162749,0.0144920945,0.14713961,0.26741004,0.31549153,0.32229614,0.024245307,0.2040236
0.36838165,0.40332666,0.44723743,0.36256218,0.389839,0.36729178,0.3747187,0.33011392,0.38212955,0.36950067,0.43535563,0.37514418,0.42466548,0.30998328,0.3437579,0.2693614,0.26573282,0.35767552,0.30914238,0.32257614,0.40763468,0.4333176,0.4255171,0.41205728,0.3884381,0.3841952,0.4001307,0.41835305,0.38415432,0.39469475,0.65881675,0.738252,0.64333546,0.67485994,0.6775869,0.69715893,0.4699366,0.6525074,0.7057795,1.0000001,0.36210743,0.25852486,0.27862453,0.32790956,0.20383658,0.25936466,0.2965136,0.08536476,0.1497107,0.28341615,0.34277284,0.48244333,0.34336203,0.5176554,0.6075721,0.3626734,0.37082097,0.44218788,0.46860325,0.40071324,0.16601041,0.44505045,0.4272717,0.17121547,0.1268178,0.5286561,0.5127561,0.5113387,0.1762785,0.394801
0.26747835,0.27920023,0.28256974,0.21829136,0.29228157,0.25518933,0.28488362,0.2717193,0.29936403,0.31049314,0.26627353,0.21504368,0.27221534,0.27570692,0.20386371,0.1550664,0.2239311,0.24396752,0.24701448,0.21812183,0.16611448,0.16941239,0.14071202,0.15124786,0.09510243,0.068114035,0.09801498,0.16692424,0.08432385,0.18468936,0.22660212,0.31645122,0.35679036,0.27654213,0.27976224,0.2820777,0.30457282,0.268721,0.3317107,0.36210743,1.0,0.20481943,0.31134477,0.4046569,0.35084075,0.27824223,0.3839509,0.10630892,0.12222156,0.206814,0.2441513,0.3256616,0.23119208,0.30097163,0.30993542,0.16919264,0.30972466,0.26215187,0.20597112,0.18216637,0.15821216,0.26152378,0.223941,0.068578236,0.031438023,0.25144368,0.33355063,0.32435915,-0.0075097275,0.16203257
0.28760424,0.2108787,0.25647366,0.18010749,0.21789241,0.2313846,0.26886442,0.2569777,0.27001452,0.26745167,0.22460932,0.2239639,0.16829894,0.15804806,0.25921336,0.26215982,0.13142793,0.22790967,0.20012149,0.25284213,0.24951859,0.25831154,0.2373698,0.26912162,0.20057154,0.23815633,0.2493168,0.27845043,0.23144417,0.28701353,0.1543679,0.20152731,0.1033146,0.114557154,0.077041626,0.11289828,0.17390965,0.17574276,0.19570622,0.25852486,0.20481943,0.9999998,0.5683917,0.59345835,0.6276643,0.6659535,0.72605157,0.72906,0.65277344,0.78000516,0.14889814,0.13515021,0.052095953,0.13996936,0.16886653,0.06705339,0.16184667,0.124653734,0.15121716,0.08538688,-0.03406842,0.124506,0.21776322,0.11160783,0.014473442,0.21809694,0.20387828,0.19670147,0.09889252,0.07146536
0.32293773,0.19101961,0.28589678,0.15363759,0.113797456,0.08646735,0.25617453,0.28731066,0.19556868,0.32159537,0.19181344,0.2444601,0.18547508,0.13304427,0.23100102,0.36087254,0.21255329,0.27187634,0.22262603,0.20352297,0.22907148,0.29864353,0.23217753,0.2754665,0.23223661,0.13873954,0.23578179,0.21715388,0.22405243,0.31422558,0.20153806,0.18188532,0.24940993,0.28894103,0.19303547,0.19336963,0.2230183,0.24635598,0.2540464,0.27862453,0.31134477,0.5683917,1.0000001,0.76031905,0.63987124,0.69672394,0.71356,0.57141167,0.58735687,0.5091162,0.1998028,0.19348945,0.13129699,0.21110062,0.14060278,0.03800614,0.2227494,0.18796965,0.15239842,0.1261502,0.0064177867,0.13744599,0.10245199,-0.01767735,0.09498188,0.18353856,0.20406395,0.17062102,0.017214341,0.042983692
0.28979462,0.18874605,0.27491271,0.15213513,0.12410953,0.11673954,0.23958625,0.264437,0.1988006,0.3004317,0.2365695,0.24061522,0.2466645,0.16743973,0.2564135,0.3142524,0.21189243,0.28072602,0.26412612,0.20908731,0.19485041,0.26959583,0.24062084,0.26071003,0.23416947,0.09783156,0.20592271,0.19393195,0.19249552,0.3211962,0.23440018,0.18146232,0.2253655,0.29896292,0.17999005,0.17027639,0.16163915,0.22549438,0.27115583,0.32790956,0.4046569,0.59345835,0.76031905,1.0000001,0.6974218,0.65806526,0.80245197,0.5745376,0.6423562,0.5384972,0.17738768,0.18211333,0.13358252,0.23575315,0.18886268,0.01031972,0.22778207,0.17317662,0.14573398,0.098956116,0.011347063,0.20671548,0.11802442,-0.06620463,0.065775424,0.21269213,0.25102082,0.19843507,-0.0062081693,0.06314613
0.23626214,0.14679086,0.19530232,0.11403217,0.15507263,0.098388724,0.21826914,0.24868062,0.18352097,0.21813563,0.21857925,0.24625215,0.20515388,0.19338635,0.2322964,0.27232045,0.201526,0.18316741,0.21375188,0.24026781,0.08554329,0.16896644,0.18248448,0.14500861,0.17546059,0.07780923,0.1336255,0.13582127,0.107279845,0.20226923,0.16815898,0.16305587,0.14885414,0.1880242,0.12885058,0.13365947,0.11238552,0.15563169,0.22535275,0.20383658,0.35084075,0.6276643,0.63987124,0.6974218,1.0,0.6741058,0.74214345,0.6779862,0.590976,0.6228455,0.17121504,0.116107136,0.13433465,0.22392555,0.09964506,0.04516523,0.23339173,0.13652354,0.11681419,0.08456625,0.0052641677,0.102348946,0.10425318,0.013361023,0.044317212,0.10117926,0.12838994,0.11999459,0.0055671036,0.00092734117
0.3375844,0.25092384,0.28927258,0.2709387,0.19065848,0.1906555,0.2837708,0.3016022,0.26797011,0.32687053,0.23401071,0.22155969,0.24240327,0.18435557,0.26868954,0.3181993,0.17923056,0.21006598,0.24009742,0.29965922,0.25812402,0.343459,0.2788622,0.3345366,0.26663974,0.27237514,0.3211203,0.30421293,0.30462688,0.36954647,0.17619099,0.19197325,0.18623474,0.20406155,0.09249945,0.13866581,0.14220674,0.201751,0.23202218,0.25936466,0.27824223,0.6659535,0.69672394,0.65806526,0.6741058,1.0000001,0.7473767,0.62241375,0.58312225,0.6614024,0.19069156,0.15099461,0.14370646,0.21812703,0.18027657,0.0323186,0.16255733,0.19336864,0.1966681,0.11280151,0.007910724,0.17459643,0.15664591,0.06853185,0.10342497,0.21298265,0.2109813,0.21103331,0.06370533,0.08285616
0.31096888,0.24732779,0.2611185,0.20512801,0.16861917,0.17281778,0.22432761,0.27339298,0.25437844,0.28694934,0.18292665,0.20567748,0.24177745,0.17767762,0.24488838,0.3010952,0.19434528,0.24575056,0.237562,0.28285262,0.20262659,0.2821959,0.23260452,0.26356387,0.22227961,0.17390898,0.23432773,0.2678468,0.23331039,0.31749335,0.18962416,0.18210283,0.15884429,0.24627408,0.121866815,0.15056738,0.17062409,0.20897682,0.23237123,0.2965136,0.3839509,0.72605157,0.71356,0.80245197,0.74214345,0.7473767,1.0,0.64485604,0.64765567,0.7022391,0.23363765,0.17756642,0.13248825,0.2581541,0.18276078,0.061275043,0.22638483,0.18094917,0.15242402,0.13822968,-0.0030542985,0.18376386,0.14668204,0.004807084,0.058492888,0.21230371,0.23670582,0.20345406,0.051643167,0.040781528
0.22169496,0.11166573,0.19295873,0.085889846,0.124376304,0.10163773,0.18913633,0.26521775,0.17805654,0.20699222,0.16235465,0.16038544,0.07701541,0.0939949,0.29715636,0.27434745,0.07232789,0.10187589,0.12511581,0.16202308,0.08499388,0.086605944,0.17736067,0.1041799,0.12387838,0.03629792,0.10221342,0.08911546,0.090643294,0.15095557,0.13248417,0.081297524,0.038708106,0.094394416,0.044743437,0.053452455,0.083469555,0.09113187,0.19831246,0.08536476,0.10630892,0.72906,0.57141167,0.5745376,0.6779862,0.62241375,0.64485604,1.0000001,0.65435845,0.64513344,0.15389496,0.06576792,0.04599565,0.06870585,0.001753055,0.023926325,0.16015641,0.08979195,0.055643573,0.020832079,-0.030534817,0.018058345,0.046563033,0.005200703,0.09127407,0.08443954,0.07272713,0.015316058,0.08692588,-0.016962346
0.20911399,0.11243435,0.14588034,0.11464907,0.099454105,0.09397009,0.20483783,0.20428038,0.14311188,0.17274049,0.14357466,0.15805009,0.11528922,0.039517134,0.20951177,0.2379881,0.109547496,0.23301966,0.10547456,0.16133843,0.15646173,0.11740636,0.18544112,0.17307696,0.14408275,0.08380761,0.16780952,0.11194038,0.15248668,0.24778321,0.17512728,0.027991686,0.028157216,0.054677013,0.011029563,0.050834123,0.12828046,0.070381716,0.05028987,0.1497107,0.12222156,0.65277344,0.58735687,0.6423562,0.590976,0.58312225,0.64765567,0.65435845,0.99999994,0.6602835,0.09998777,0.004028786,-0.012601828,0.06340646,0.019218331,-0.034354486,0.08845708,0.012079142,0.059676804,-0.0744231,0.030557737,0.06161759,0.08785114,0.04120496,0.10357919,0.13772741,0.12816453,0.05456882,0.1086922,0.14251672
0.3131759,0.28535548,0.25778395,0.2463719,0.3127447,0.35796618,0.31799817,0.2605808,0.31725866,0.29539916,0.19216515,0.27400455,0.19210914,0.06873487,0.297843,0.27205697,0.126265,0.24946672,0.14295024,0.3031843,0.25738955,0.24587706,0.20600228,0.27020246,0.1780759,0.31880158,0.29037026,0.2795251,0.2444536,0.3391135,0.13657475,0.18226881,0.0408076,0.08267699,0.044245124,0.12654205,0.15300013,0.12533185,0.12900823,0.28341615,0.206814,0.78000516,0.5091162,0.5384972,0.6228455,0.6614024,0.7022391,0.64513344,0.6602835,1.0000004,0.14240545,0.07660416,0.08679081,0.13766481,0.1431636,0.06843108,0.10015175,0.09030679,0.1417578,0.062128566,0.0035380162,0.0935307,0.3031398,0.16863842,0.1164786,0.22713895,0.14607504,0.15613092,0.15598759,0.09960801
0.30469665,0.43918222,0.33524626,0.3396605,0.36258408,0.35350782,0.35647488,0.3055448,0.39270145,0.29620788,0.3008533,0.26521987,0.273766,0.27905864,0.21052581,0.26885775,0.32275206,0.21509938,0.24497491,0.26822117,0.2846023,0.24077335,0.20525064,0.22546521,0.22908041,0.19263244,0.20322923,0.27917093,0.21587414,0.24570973,0.22584854,0.32703048,0.28120798,0.28873926,0.25812793,0.30430666,0.30147433,0.3531726,0.2835888,0.34277284,0.2441513,0.14889814,0.1998028,0.17738768,0.17121504,0.19069156,0.23363765,0.15389496,0.09998777,0.14240545,1.0000001,0.6727628,0.61662084,0.5972681,0.6394341,0.6353262,0.64993554,0.69809145,0.67173404,0.6888191,0.4176774,0.48989877,0.40965897,0.34939444,0.40417755,0.54317206,0.539316,0.5462542,0.40311417,0.4741649
0.37817445,0.44471276,0.45831394,0.40575257,0.44661057,0.4022058,0.42539784,0.37443903,0.40977776,0.4388678,0.39968693,0.2598271,0.36158484,0.3416781,0.2606346,0.17849986,0.26993835,0.23423466,0.2340134,0.2538226,0.470226,0.38115466,0.4040255,0.31443387,0.33831918,0.34128752,0.34958676,0.34535465,0.36265105,0.30703944,0.3830951,0.49085394,0.5707787,0.43916398,0.48578104,0.45788515,0.3373786,0.48357913,0.457461,0.48244333,0.3256616,0.13515021,0.19348945,0.18211333,0.116107136,0.15099461,0.17756642,0.06576792,0.004028786,0.07660416,0.6727628,1.0,0.57544965,0.7711162,0.69985616,0.66207105,0.73061013,0.79936767,0.6568943,0.6932416,0.2524378,0.4068904,0.29733777,0.1482942,0.20130235,0.5033759,0.45107973,0.48592505,0.23387899,0.438772
0.27582532,0.3917978,0.3121912,0.33652213,0.35233617,0.3171063,0.42436817,0.36261266,0.357256,0.2739623,0.41147983,0.32537958,0.36184105,0.36265397,0.25077146,0.19135027,0.49254966,0.21689479,0.24839202,0.31760493,0.30296895,0.23709035,0.24762422,0.2005463,0.23637201,0.27109188,0.2571561,0.22613522,0.24141917,0.17745113,0.26581535,0.3207095,0.3091338,0.36605924,0.28260016,0.29673347,0.23482138,0.39850947,0.25524643,0.34336203,0.23119208,0.052095953,0.13129699,0.13358252,0.13433465,0.14370646,0.13248825,0.04599565,-0.012601828,0.08679081,0.61662084,0.57544965,1.0000004,0.59575343,0.5957847,0.6527316,0.5818069,0.59462184,0.59403634,0.61419374,0.3944308,0.46919012,0.38317877,0.37592566,0.27618065,0.46896034,0.459021,0.51865196,0.337291,0.45721805
