0,1,2,3,4,5,6,7,8,9,10,11,12,13,14,15,16,17,18,19,20,21,22,23,24,25,26,27,28,29,30,31,32,33,34,35,36,37,38,39,40,41,42,43,44,45,46,47,48,49,50,51,52,53,54,55,56,57,58,59,60,61,62,63,64,65,66,67,68,69,70,71,72,73,74,75,76,77,78,79,80,81,82,83,84,85,86,87,88,89,90,91,92,93,94,95,96,97,98,99,100,101
1.0,0.9014426,0.91060925,0.90303695,0.8387186,0.9101698,0.9029472,0.9035946,0.8960344,0.93154,0.40176272,0.33688125,0.39132628,0.33243987,0.30734327,0.36652353,0.404649,0.35762885,0.28366116,0.3444927,0.41410857,0.3490317,0.49247018,0.38720024,0.4304181,0.41301408,0.4363973,0.3847161,0.40435788,0.43251735,0.40332475,0.36986753,0.32774812,0.3589479,0.34729198,0.4342976,0.39612752,0.35848165,0.4355244,0.33842355,0.46071997,0.5000351,0.51324844,0.4933432,0.5315607,0.45445228,0.47932485,0.44559237,0.50361,0.49121973,0.5145206,0.37020385,0.42555177,0.36140573,0.39353544,0.3572537,0.37630495,0.3614538,0.43372512,0.39759937,0.37503353,0.26315936,0.20792809,0.25407612,0.19476403,0.25916094,0.24049066,0.23134646,0.20709693,0.19231719,0.24894795,0.31213695,0.2972311,0.26464948,0.28371438,0.3030159,0.3188092,0.2928576,0.28252244,0.28061107,0.283346,0.3187295,0.3000742,0.30205172,0.33747986,0.2688418,0.3111563,0.34862992,0.32699215,0.27270144,0.28481767,0.35911226,0.35270116,0.29622617,0.29362425,0.31942594,0.28039214,0.32575995,0.33614165,0.28086513,0.32804012,0.36640388
0.9014426,0.99999994,0.9019867,0.8796972,0.82387495,0.8986039,0.8966656,0.902985,0.8794512,0.8619593,0.41436172,0.37946844,0.39781693,0.37675434,0.3592892,0.4256156,0.44153872,0.42771915,0.3451591,0.37992528,0.46357998,0.3631617,0.48392135,0.40122953,0.43171006,0.44254863,0.43695223,0.39233097,0.43186277,0.40457103,0.44998872,0.3761445,0.32254997,0.42521247,0.33837166,0.44980484,0.4145976,0.32671356,0.44094968,0.38002166,0.47893462,0.50337327,0.511467,0.5131328,0.5232981,0.48008457,0.4869192,0.46325666,0.51214373,0.47973794,0.5162981,0.41268834,0.45021492,0.41521126,0.40660566,0.4334207,0.39099538,0.4139493,0.44520566,0.41355827,0.35851005,0.26282346,0.22524545,0.23560162,0.26589313,0.29712617,0.23885714,0.2519652,0.23989207,0.175056,0.2568939,0.31915256,0.3018724,0.29651803,0.32662588,0.3123289,0.31808007,0.32705992,0.30687958,0.2627956,0.2864308,0.3844019,0.35148937,0.35863572,0.37385014,0.34430355,0.3330961,0.3752418,0.3285513,0.32877046,0.3480869,0.3852078,0.38105276,0.32913992,0.27125227,0.33940446,0.2914047,0.3472603,0.35006052,0.29932612,0.36435974,0.36443448
0.91060925,0.9019867,1.0000002,0.8910782,0.8241805,0.9172951,0.9244412,0.912535,0.90469164,0.8828847,0.41249323,0.35962513,0.39544398,0.34443027,0.31566498,0.38389435,0.39731884,0.37466517,0.32533616,0.3597777,0.462688,0.36660868,0.5064346,0.42857748,0.44605595,0.4479487,0.46071666,0.43339577,0.44550446,0.43097177,0.42248031,0.4129694,0.359127,0.39335853,0.38404158,0.432203,0.42570165,0.3529996,0.41267434,0.35810012,0.5461305,0.5723352,0.5829164,0.57164717,0.58831793,0.5513819,0.5408994,0.51765287,0.5764671,0.57961065,0.5780108,0.39875335,0.44134384,0.38558668,0.40745765,0.39524442,0.38405803,0.38513848,0.451709,0.39878833,0.36057842,0.27998826,0.2538352,0.26635817,0.24412358,0.29746562,0.28365573,0.27348083,0.24596855,0.23255832,0.26739383,0.33016616,0.32675397,0.3076659,0.32564494,0.34381002,0.32892865,0.31439725,0.3285514,0.2914681,0.29913804,0.3862681,0.35402888,0.36304137,0.4030472,0.32830524,0.32782578,0.37696898,0.36085182,0.34968647,0.33452156,0.39010572,0.40457508,0.36482972,0.3185305,0.37197092,0.3073246,0.3765656,0.3739205,0.31190905,0.37426758,0.38007277
0.90303695,0.8796972,0.8910782,1.0000001,0.8374048,0.8913,0.8713548,0.87122697,0.8763052,0.86670417,0.3938467,0.3632093,0.3846937,0.36447248,0.32858506,0.37221968,0.41511482,0.37325895,0.342997,0.35296717,0.4238679,0.342521,0.51366603,0.42565086,0.44969666,0.43483862,0.46152428,0.4181089,0.41911235,0.43543115,0.39250225,0.39780647,0.33569086,0.34916604,0.35858625,0.4474453,0.39858872,0.34474754,0.42310816,0.36661506,0.51682496,0.565787,0.5696713,0.55409056,0.58345056,0.52846146,0.5443625,0.50409675,0.55164045,0.53302616,0.5557878,0.3877854,0.44261783,0.38856694,0.39860862,0.37865785,0.3953627,0.38074696,0.43314496,0.42016858,0.3869264,0.27316394,0.23184517,0.24567445,0.21781017,0.25507262,0.2449234,0.24691992,0.23365556,0.21508482,0.2484146,0.32700974,0.3368888,0.29229477,0.3039131,0.32324836,0.31696877,0.29740146,0.31930715,0.2878519,0.3005803,0.33899066,0.31346363,0.3192672,0.3489926,0.2797289,0.3278796,0.34798422,0.32273173,0.3125113,0.31301904,0.3839215,0.37717038,0.3431483,0.29876798,0.34853345,0.29046482,0.35354662,0.37373522,0.30341974,0.35623407,0.3695615
0.8387186,0.82387495,0.8241805,0.8374048,0.99999994,0.8417279,0.82708263,0.8523473,0.8442925,0.81350076,0.31582123,0.36990213,0.3465478,0.3290449,0.31916118,0.3604427,0.3832528,0.35096776,0.282664,0.4422558,0.4087252,0.31294167,0.5004869,0.38988718,0.48209235,0.41541252,0.44701234,0.35389543,0.44057563,0.49294633,0.3571531,0.32978922,0.32046768,0.32861325,0.3070172,0.4603765,0.49934295,0.35717914,0.385405,0.3682665,0.53911793,0.48650768,0.49026367,0.5202309,0.51715726,0.4545487,0.5487244,0.49162745,0.5150552,0.46061778,0.5131271,0.40343574,0.4410067,0.38146728,0.5138641,0.3803069,0.42709792,0.37915993,0.4402412,0.41720313,0.3213013,0.29970193,0.2660452,0.29631227,0.23313048,0.28103006,0.24562572,0.36321595,0.26694158,0.14615755,0.29077715,0.3549152,0.28330216,0.32394752,0.24076335,0.33764094,0.25245363,0.30976757,0.33802497,0.32467943,0.33252108,0.3485145,0.36482662,0.45666173,0.32545146,0.2786058,0.34429047,0.33773494,0.35597736,0.32285887,0.33490333,0.39955267,0.47646093,0.3330588,0.27216387,0.28416893,0.31616908,0.29941264,0.38674077,0.29666466,0.37629378,0.30039823
0.9101698,0.8986039,0.9172951,0.8913,0.8417279,1.0000004,0.9082049,0.9131599,0.9007087,0.88497585,0.3678108,0.33260852,0.34262985,0.35721844,0.278992,0.3532651,0.37687624,0.3724046,0.30335224,0.32293323,0.39611873,0.31656238,0.48630318,0.41199738,0.4150438,0.43937126,0.41083464,0.37499395,0.40998194,0.38999644,0.39896244,0.36520347,0.3136338,0.35941696,0.3401006,0.41924143,0.3951593,0.32976738,0.38194543,0.32745644,0.47602338,0.5064328,0.5227723,0.52212775,0.54097456,0.4833282,0.493544,0.45965773,0.5061431,0.48696917,0.5193842,0.367313,0.41458547,0.3751143,0.37278694,0.36263958,0.355856,0.3529602,0.41121602,0.38181874,0.31863582,0.2392944,0.20666817,0.2227332,0.19607358,0.25552636,0.23255327,0.22320409,0.19978335,0.16957048,0.22210847,0.28959727,0.29517663,0.2764963,0.28118122,0.30228475,0.2893887,0.28141975,0.28817922,0.25941503,0.27710742,0.33796424,0.29605278,0.31183845,0.33551833,0.28143954,0.306801,0.32186258,0.30349323,0.281597,0.27690294,0.34789133,0.34596103,0.3410923,0.24662371,0.29346687,0.2766956,0.29896206,0.36125702,0.2447285,0.32131016,0.31754816
0.9029472,0.8966656,0.9244412,0.8713548,0.82708263,0.9082049,0.99999994,0.9221035,0.9012405,0.88014054,0.41046292,0.36824778,0.37041065,0.35597333,0.32635427,0.3963228,0.39799482,0.39919078,0.3383322,0.3573376,0.46415803,0.3719663,0.49074584,0.43427658,0.44831064,0.45947224,0.44557735,0.41651875,0.45084858,0.44032586,0.44418767,0.40467364,0.3391099,0.41416824,0.35408428,0.44237897,0.41762802,0.36380544,0.41964218,0.36249587,0.49772552,0.5198366,0.52859366,0.5299741,0.5349658,0.49381667,0.49591058,0.49816456,0.53944147,0.51145875,0.5388039,0.40089175,0.43943384,0.39495617,0.39658552,0.40854505,0.3824551,0.39119172,0.45045537,0.4033671,0.36376008,0.30073118,0.26027098,0.28487906,0.25942248,0.33015162,0.29043922,0.27366734,0.26762614,0.20178705,0.2776767,0.3261574,0.3153039,0.2997198,0.31741783,0.33560964,0.32603472,0.3220966,0.31713495,0.28872558,0.30129156,0.38414297,0.3560475,0.34641394,0.40086055,0.33913618,0.33941162,0.3855461,0.36700633,0.34386888,0.3429501,0.38876164,0.386668,0.37390187,0.29192394,0.3347184,0.32480478,0.35379285,0.37861967,0.3020589,0.37960708,0.36424336
0.9035946,0.902985,0.912535,0.87122697,0.8523473,0.9131599,0.9221035,1.0000001,0.9017106,0.8805645,0.3354155,0.29521516,0.30980822,0.32689953,0.26452336,0.34379405,0.34919667,0.3413067,0.26806745,0.31211156,0.4184814,0.33003235,0.46741897,0.40139338,0.41883385,0.44062284,0.42450824,0.37021554,0.4327452,0.41138282,0.40796745,0.3555955,0.31460723,0.34554943,0.3141404,0.4010102,0.40588987,0.32673365,0.3849763,0.3219835,0.51510274,0.5181403,0.5235574,0.55991364,0.5401105,0.49015084,0.49749976,0.4826987,0.51891863,0.4974426,0.5345979,0.3655144,0.38922653,0.35303265,0.38153976,0.34981596,0.36464533,0.3438674,0.40532833,0.3555529,0.30885705,0.22602156,0.21266231,0.2138486,0.1831502,0.25704363,0.21824177,0.21918231,0.19795524,0.13345271,0.21871397,0.24647045,0.26533946,0.23229177,0.24259377,0.2502513,0.24487726,0.24096279,0.23949787,0.2159295,0.22296427,0.3329767,0.29645574,0.31165683,0.32412454,0.26435888,0.28763738,0.32722747,0.29975808,0.26979664,0.27323893,0.31496745,0.33100182,0.28685826,0.20646504,0.2641724,0.22967896,0.29122964,0.3109386,0.21501997,0.296699,0.2937151
0.8960344,0.8794512,0.90469164,0.8763052,0.8442925,0.9007087,0.9012405,0.9017106,0.99999994,0.87252337,0.33879697,0.30348504,0.30824137,0.3274223,0.27279177,0.32713187,0.34891883,0.36788508,0.3027983,0.3263306,0.38569438,0.3326085,0.4415701,0.40021366,0.38292965,0.43909225,0.40689093,0.36120933,0.39219663,0.38927302,0.3989281,0.36477882,0.3047725,0.32909405,0.3086129,0.37526682,0.39589754,0.30660474,0.37159047,0.32797962,0.4960152,0.51136327,0.50556856,0.51353514,0.52576447,0.48198396,0.48084924,0.46981993,0.508118,0.48164862,0.52032197,0.34493828,0.3995561,0.36696187,0.3924854,0.33052164,0.3516312,0.34986505,0.39192685,0.35250747,0.3204397,0.231076,0.20653759,0.21890421,0.17629227,0.26624933,0.22320649,0.24557406,0.20362529,0.15780112,0.24069041,0.2677126,0.28266355,0.24521661,0.25256455,0.2762972,0.29129785,0.26709014,0.25809595,0.23743959,0.24462964,0.33068097,0.30662084,0.34657425,0.3311744,0.26282868,0.2846645,0.3320278,0.30507183,0.27174473,0.29149997,0.30925292,0.3488035,0.31692046,0.24604648,0.2801274,0.28386053,0.2936315,0.3517017,0.24023807,0.33710638,0.32214925
0.93154,0.8619593,0.8828847,0.86670417,0.81350076,0.88497585,0.88014054,0.8805645,0.87252337,1.0000001,0.3585678,0.29220012,0.37155142,0.3014927,0.25330067,0.33408752,0.34972388,0.31224844,0.26800656,0.30029184,0.38090748,0.35092038,0.47142896,0.40390313,0.41184223,0.41758096,0.43470287,0.3889318,0.4099017,0.4411253,0.39473793,0.35742602,0.3030774,0.30595532,0.32820478,0.3953735,0.37002555,0.34847388,0.37310243,0.29059058,0.44191632,0.48603055,0.4986559,0.48773843,0.5049119,0.44661844,0.45680225,0.4272327,0.48571748,0.474509,0.49471432,0.36523417,0.40766218,0.35658303,0.38280335,0.32632804,0.36648905,0.35284328,0.4006211,0.38428843,0.36630264,0.2396718,0.17934313,0.2289325,0.13960248,0.23384127,0.20404525,0.20138334,0.16145481,0.16604333,0.2178554,0.28371525,0.29503426,0.26160476,0.2562841,0.28609914,0.31634796,0.28506494,0.26868156,0.2770406,0.2805668,0.30592138,0.27427799,0.27674103,0.3037871,0.22933951,0.29424617,0.31783485,0.3167114,0.24274836,0.2391955,0.32783276,0.32061267,0.29569867,0.30126742,0.28701875,0.28598014,0.29575163,0.34617433,0.23611043,0.30644745,0.3622791
0.40176272,0.41436172,0.41249323,0.3938467,0.31582123,0.3678108,0.41046292,0.3354155,0.33879697,0.3585678,1.0000001,0.82318914,0.8246977,0.7444166,0.7796428,0.82937557,0.7916337,0.8067374,0.75120753,0.7403124,0.4337111,0.49159735,0.4318177,0.41007748,0.3895266,0.44766873,0.4558875,0.41531262,0.4333777,0.41472337,0.570485,0.51900846,0.46292764,0.5220809,0.46938026,0.5678081,0.5486184,0.55976677,0.57073236,0.57474035,0.2955634,0.33980513,0.31762484,0.29616335,0.36131367,0.31959352,0.2942716,0.29281038,0.33269724,0.3130115,0.3325048,0.48974746,0.4396531,0.46491992,0.44214538,0.4566533,0.45684025,0.42360988,0.6281792,0.47985977,0.4409309,0.4428017,0.43043798,0.4539713,0.42375132,0.42631075,0.5464825,0.44813433,0.48548692,0.35358205,0.4621835,0.461071,0.46999133,0.42886207,0.4546502,0.4963565,0.46910113,0.42487037,0.42667943,0.43711594,0.4062918,0.5400398,0.51250046,0.47053707,0.65208274,0.45320535,0.4821866,0.5216659,0.54566675,0.53642064,0.5490575,0.4739762,0.47667924,0.36800298,0.4365544,0.4526227,0.32315046,0.448612,0.3179558,0.42474502,0.4124543,0.5230082
0.33688125,0.37946844,0.35962513,0.3632093,0.36990213,0.33260852,0.36824778,0.29521516,0.30348504,0.29220012,0.82318914,0.99999994,0.8193449,0.7552544,0.7660479,0.83158314,0.8112733,0.81518173,0.7661254,0.75598836,0.48561054,0.47373015,0.49227217,0.41798556,0.49535936,0.45566905,0.4983874,0.42526102,0.5018445,0.46407905,0.53238004,0.46549344,0.4635813,0.5204923,0.42555523,0.6244565,0.55196625,0.5168159,0.5398973,0.5703311,0.31979883,0.32357115,0.31035826,0.28259403,0.33363962,0.31704563,0.34689167,0.34508878,0.3482564,0.3069844,0.32688588,0.53907865,0.5183214,0.5170786,0.48961404,0.5336509,0.55936384,0.48210397,0.5829112,0.54123265,0.45240757,0.48362917,0.4723406,0.46577844,0.4604593,0.43718943,0.45368317,0.46712017,0.52358705,0.3187643,0.48702136,0.5012492,0.43645665,0.4727516,0.4106863,0.4801445,0.4154437,0.45205635,0.4850186,0.45072728,0.4592049,0.56168574,0.57672757,0.5076151,0.5712802,0.47093332,0.5204634,0.52108276,0.5461264,0.6499344,0.57508165,0.58044326,0.5553562,0.44709775,0.48322237,0.4284277,0.40421566,0.45675048,0.38273868,0.48527113,0.48969668,0.51218414
0.39132628,0.39781693,0.39544398,0.3846937,0.3465478,0.34262985,0.37041065,0.30980822,0.30824137,0.37155142,0.8246977,0.8193449,1.0,0.7497857,0.79052407,0.8210364,0.83994246,0.80242085,0.7305045,0.74059695,0.48189762,0.54356897,0.48288873,0.41393858,0.46998215,0.45736235,0.5202696,0.40534467,0.4738762,0.49336576,0.55188894,0.45885396,0.40574238,0.53124917,0.4276604,0.61631685,0.5200304,0.5448537,0.5803424,0.55245495,0.33501288,0.35033143,0.35567403,0.3006881,0.35495046,0.346041,0.3570554,0.34072495,0.3663591,0.4071609,0.34716475,0.5089489,0.50391287,0.49713606,0.471699,0.50095606,0.49319142,0.48892754,0.5590196,0.5400987,0.5103948,0.44925886,0.3878535,0.44820118,0.43584043,0.42234486,0.42043874,0.43098414,0.48177698,0.32531112,0.45598277,0.4858749,0.3942654,0.4368496,0.4292059,0.43772534,0.44794372,0.45882845,0.4395403,0.45462567,0.44527036,0.5504729,0.52302694,0.47939306,0.5514981,0.47845802,0.54352975,0.5503737,0.5789642,0.5619931,0.57212555,0.59364563,0.55554724,0.41787845,0.59855384,0.50276375,0.40564108,0.47498882,0.37837878,0.5143685,0.4895357,0.6042836
0.33243987,0.37675434,0.34443027,0.36447248,0.3290449,0.35721844,0.35597333,0.32689953,0.3274223,0.3014927,0.7444166,0.7552544,0.7497857,1.0,0.6868633,0.7369028,0.7348973,0.7827487,0.79271287,0.6599361,0.4604051,0.4165876,0.42081633,0.44997752,0.38665646,0.48072794,0.4765074,0.33597535,0.45653552,0.38001743,0.5154692,0.41758496,0.3831094,0.5115996,0.3591683,0.53510064,0.48583663,0.4296318,0.4887517,0.50605446,0.3017179,0.30774355,0.2843583,0.3014845,0.33122414,0.30582893,0.2957784,0.3060877,0.29477742,0.2773789,0.30853608,0.46364906,0.39692852,0.44788906,0.38993663,0.47308207,0.44929326,0.40963632,0.4886407,0.43332842,0.4099225,0.3848612,0.38668963,0.3474468,0.43881762,0.3945037,0.39017314,0.38838652,0.43844646,0.25989372,0.40348497,0.35888138,0.38229415,0.3734127,0.39154857,0.3533043,0.3739319,0.35941866,0.35318094,0.31811136,0.33758783,0.517792,0.47319898,0.44438577,0.49279764,0.46875483,0.46976948,0.46264938,0.44943655,0.49001244,0.50807637,0.4983935,0.48198494,0.3735482,0.41812816,0.40202957,0.34169337,0.4107867,0.34630066,0.4038403,0.40715623,0.50961864
0.30734327,0.3592892,0.31566498,0.32858506,0.31916118,0.278992,0.32635427,0.26452336,0.27279177,0.25330067,0.7796428,0.7660479,0.79052407,0.6868633,1.0,0.7714867,0.77522725,0.76264066,0.6601701,0.7010673,0.4152825,0.41514584,0.40866986,0.29880306,0.40749592,0.35198665,0.43132597,0.35476127,0.37611115,0.39251274,0.4667134,0.42998627,0.40122068,0.5216943,0.4040643,0.55465186,0.50947994,0.506654,0.5856917,0.7841957,0.3247209,0.34130886,0.3113777,0.31277773,0.38924226,0.3234253,0.3721386,0.37700891,0.35166878,0.3165862,0.3431419,0.48212346,0.4731109,0.47166184,0.45799184,0.5142536,0.4742483,0.4396812,0.53643,0.4964778,0.44835204,0.44383287,0.4116049,0.45754054,0.49592447,0.39879712,0.4267764,0.4539837,0.67907405,0.31330794,0.43563983,0.45878804,0.3997425,0.40947145,0.40703842,0.42217213,0.39090955,0.38379556,0.4229926,0.4076968,0.3907068,0.48622632,0.52677995,0.45334852,0.48803416,0.4574207,0.45331162,0.5025561,0.51403683,0.5329083,0.7468469,0.4975628,0.49246758,0.38163725,0.42607865,0.40859708,0.4006068,0.41151112,0.3684163,0.49061626,0.39629525,0.46804374
0.36652353,0.4256156,0.38389435,0.37221968,0.3604427,0.3532651,0.3963228,0.34379405,0.32713187,0.33408752,0.82937557,0.83158314,0.8210364,0.7369028,0.7714867,1.0,0.7903813,0.85692257,0.7478303,0.713856,0.48199433,0.51339793,0.47036427,0.42605898,0.45386335,0.4908113,0.47897285,0.4017937,0.6056502,0.4318385,0.57865655,0.48128942,0.42037714,0.5433046,0.43591812,0.586657,0.5209461,0.5147419,0.5508476,0.56507796,0.2996393,0.3370337,0.30826634,0.30931255,0.35077408,0.30977297,0.3364309,0.33860874,0.34261566,0.30855644,0.33020008,0.65965253,0.48987448,0.53965896,0.46023554,0.53041,0.4940013,0.47749698,0.56249803,0.5058057,0.47081348,0.43040472,0.40347618,0.4320022,0.44388103,0.43926036,0.42475724,0.42279074,0.47419292,0.29911232,0.4295208,0.43793035,0.39590243,0.5254732,0.41376466,0.43000486,0.42671227,0.41867217,0.43793243,0.40634874,0.4054458,0.6809951,0.5219863,0.46446887,0.5384645,0.4784768,0.4829012,0.50227904,0.52808166,0.55803514,0.551751,0.5013274,0.47560742,0.39190173,0.43270636,0.4192064,0.34886914,0.40302312,0.344832,0.4275903,0.43243307,0.49405694
0.404649,0.44153872,0.39731884,0.41511482,0.3832528,0.37687624,0.39799482,0.34919667,0.34891883,0.34972388,0.7916337,0.8112733,0.83994246,0.7348973,0.77522725,0.7903813,1.0,0.8091174,0.7018152,0.72022897,0.44684717,0.5051021,0.52728206,0.37682348,0.48140088,0.44741958,0.49237388,0.38322377,0.447105,0.46473223,0.5555093,0.4752415,0.39387867,0.5101871,0.38922858,0.6364301,0.51802087,0.5280872,0.6833151,0.57335716,0.3415415,0.34758812,0.40170735,0.32394385,0.36554593,0.35224345,0.36183834,0.35492763,0.38121378,0.34518847,0.35367215,0.48989022,0.5917936,0.5140438,0.47228456,0.49469793,0.507987,0.4886713,0.56334215,0.5249792,0.48475993,0.45474237,0.4054835,0.45210814,0.42137402,0.4253779,0.4189394,0.43761876,0.49878487,0.26938254,0.5632603,0.5162296,0.35886785,0.37513185,0.36786944,0.39123473,0.39579996,0.40203944,0.4029636,0.38774654,0.3900269,0.52110666,0.5225039,0.47602984,0.5386648,0.44789377,0.52854735,0.66351354,0.5540196,0.5866398,0.5846271,0.5683335,0.51472944,0.4111129,0.46624488,0.4225965,0.40859357,0.42195117,0.37291914,0.54838645,0.48137367,0.5337552
0.35762885,0.42771915,0.37466517,0.37325895,0.35096776,0.3724046,0.39919078,0.3413067,0.36788508,0.31224844,0.8067374,0.81518173,0.80242085,0.7827487,0.76264066,0.85692257,0.8091174,1.0000001,0.8104266,0.7307253,0.48854226,0.5421185,0.49335825,0.50311214,0.44651955,0.61655384,0.49515325,0.40517607,0.5125343,0.44422764,0.6192266,0.48467895,0.42800418,0.57314223,0.4161891,0.5928899,0.5510771,0.49799094,0.57413006,0.5723407,0.32016417,0.32139456,0.30686167,0.30283347,0.3378287,0.3156607,0.32313806,0.33474886,0.341104,0.30370215,0.34174585,0.5932814,0.55255413,0.66805285,0.5067918,0.55841476,0.5332575,0.55080044,0.605493,0.5424701,0.50818676,0.47321507,0.44400668,0.46301833,0.48952365,0.5179251,0.4796312,0.47892168,0.5232358,0.3049603,0.5082877,0.47616273,0.414221,0.46655667,0.42275465,0.45748094,0.4501877,0.4716042,0.44765058,0.41696897,0.4257179,0.6056471,0.55646884,0.5113442,0.5758377,0.50512636,0.5107933,0.5630542,0.5316566,0.60206175,0.58842,0.53567266,0.52487123,0.46038014,0.4659873,0.43292314,0.37469646,0.4387082,0.3607512,0.47488728,0.48345184,0.5247773
0.28366116,0.3451591,0.32533616,0.342997,0.282664,0.30335224,0.3383322,0.26806745,0.3027983,0.26800656,0.75120753,0.7661254,0.7305045,0.79271287,0.6601701,0.7478303,0.7018152,0.8104266,1.0,0.6628708,0.49333355,0.48037848,0.4418784,0.6144178,0.41486818,0.5330439,0.48923615,0.43052667,0.50237596,0.39649072,0.5467761,0.4541958,0.3732698,0.50511193,0.35517868,0.51030105,0.46891746,0.4118034,0.45187292,0.47187737,0.2711858,0.2893004,0.2655256,0.2591955,0.29120716,0.28053996,0.26350322,0.25394073,0.27152237,0.27148974,0.28269452,0.49998972,0.44956338,0.52910465,0.41895744,0.5208012,0.4639538,0.4827875,0.51275647,0.477422,0.4470453,0.40136567,0.36887252,0.34274602,0.4440643,0.4190327,0.38628015,0.38935938,0.41999924,0.28870553,0.410484,0.3748153,0.3859223,0.38155383,0.41122124,0.37901008,0.4061224,0.39170665,0.3693648,0.32814753,0.3616395,0.5191998,0.44721365,0.43972048,0.48673084,0.47018012,0.45891437,0.43926266,0.43372154,0.49981937,0.47736946,0.48885655,0.46282622,0.3886205,0.43075368,0.40754384,0.4037745,0.40087676,0.3622833,0.40727568,0.43171728,0.49750495
0.3444927,0.37992528,0.3597777,0.35296717,0.4422558,0.32293323,0.3573376,0.31211156,0.3263306,0.30029184,0.7403124,0.75598836,0.74059695,0.6599361,0.7010673,0.713856,0.72022897,0.7307253,0.6628708,0.99999994,0.4237542,0.47362423,0.45109826,0.41673303,0.4505952,0.4564807,0.4332222,0.3783329,0.4315935,0.509662,0.5366696,0.4520546,0.41239923,0.45414263,0.40137485,0.56036323,0.8028941,0.55092436,0.52008927,0.54969823,0.43048853,0.31453958,0.3005833,0.31926587,0.32991704,0.3091559,0.3131193,0.3130824,0.33448982,0.30028063,0.32759845,0.5023991,0.481048,0.4978218,0.7127374,0.4571577,0.49545524,0.4897222,0.5548636,0.50955147,0.4482273,0.42984137,0.39724362,0.462373,0.4041507,0.42006657,0.4214776,0.6539096,0.4669581,0.28970376,0.48987812,0.445869,0.37715533,0.40678555,0.35369864,0.4303777,0.40032896,0.41289863,0.4162754,0.4441069,0.40052304,0.46920428,0.49980557,0.73401874,0.50034845,0.39491943,0.45161158,0.47557932,0.5243076,0.49781376,0.5139352,0.49766928,0.6885454,0.4087192,0.43756092,0.39982024,0.36088842,0.39553642,0.34567142,0.443268,0.42101356,0.48175204
0.41410857,0.46357998,0.462688,0.4238679,0.4087252,0.39611873,0.46415803,0.4184814,0.38569438,0.38090748,0.4337111,0.48561054,0.48189762,0.4604051,0.4152825,0.48199433,0.44684717,0.48854226,0.49333355,0.4237542,1.0,0.56778926,0.77098197,0.7191643,0.7757494,0.7733782,0.7736797,0.6542322,0.7967003,0.7070054,0.54453695,0.47943413,0.4743207,0.7966134,0.52400553,0.5971354,0.49533728,0.4557894,0.5208492,0.5034919,0.43132842,0.3991024,0.38919297,0.42467323,0.41462964,0.40756562,0.42498305,0.40470973,0.40519997,0.4254373,0.4018007,0.57971,0.5407794,0.5663364,0.48400775,0.7764085,0.5330503,0.5410718,0.5773303,0.56420434,0.5068308,0.45345736,0.4247785,0.4141379,0.6754233,0.4639836,0.41356286,0.4072681,0.43478236,0.41115475,0.42270166,0.44508404,0.40095943,0.44443834,0.6182037,0.43618557,0.429937,0.4626521,0.46821663,0.4066127,0.44597656,0.50135005,0.455044,0.42522582,0.4684887,0.69266695,0.47207803,0.4487853,0.46514574,0.51214826,0.47760728,0.57499355,0.52146447,0.4334892,0.48511657,0.49954075,0.46614277,0.49406314,0.44952473,0.49593312,0.4762933,0.4953354
0.3490317,0.3631617,0.36660868,0.342521,0.31294167,0.31656238,0.3719663,0.33003235,0.3326085,0.35092038,0.49159735,0.47373015,0.54356897,0.4165876,0.41514584,0.51339793,0.5051021,0.5421185,0.48037848,0.47362423,0.56778926,1.0000001,0.56771934,0.59748775,0.546211,0.62410444,0.56998587,0.5694472,0.5748497,0.5681972,0.6449412,0.5155447,0.45178688,0.5283531,0.46450955,0.57234055,0.55029625,0.5297761,0.5699861,0.48633868,0.3900108,0.37132496,0.37801206,0.3725693,0.3783658,0.3188197,0.34654802,0.35319582,0.3802826,0.3661139,0.35186827,0.6161925,0.62246376,0.64607745,0.59473896,0.5670874,0.5915595,0.60943776,0.6416487,0.6209568,0.7610282,0.4311377,0.36516967,0.39654803,0.35414723,0.4348632,0.38653657,0.40899706,0.3719484,0.27588165,0.4598606,0.40556994,0.37396047,0.3617309,0.36406302,0.3802461,0.5160695,0.41326717,0.3640634,0.36915466,0.37111723,0.4492123,0.40983802,0.42849806,0.4540476,0.39695483,0.4620536,0.5005665,0.45868856,0.4378069,0.4089648,0.461029,0.46459472,0.38929048,0.47315118,0.41219077,0.36899328,0.41078383,0.34798083,0.4395647,0.44746602,0.6308744
0.49247018,0.48392135,0.5064346,0.51366603,0.5004869,0.48630318,0.49074584,0.46741897,0.4415701,0.47142896,0.4318177,0.49227217,0.48288873,0.42081633,0.40866986,0.47036427,0.52728206,0.49335825,0.4418784,0.45109826,0.77098197,0.56771934,1.0000002,0.7393159,0.8489729,0.79356444,0.78436404,0.64507043,0.80345184,0.7839434,0.5669595,0.52542925,0.43761238,0.5650005,0.4982055,0.704452,0.550193,0.5467536,0.63063526,0.5263758,0.4300806,0.41750094,0.42205864,0.44748324,0.43743682,0.3900951,0.44196287,0.41454414,0.416081,0.4165354,0.39826468,0.56648415,0.70669097,0.6021713,0.5547511,0.5954029,0.54244214,0.5586765,0.6203858,0.60685736,0.54159576,0.49339104,0.39758325,0.4630622,0.45314598,0.45236766,0.42265263,0.43838596,0.43416116,0.3418115,0.47662953,0.5076284,0.38460386,0.42914578,0.43209466,0.4513329,0.43067405,0.4496037,0.47023243,0.4409416,0.46893647,0.46646336,0.43415645,0.42181355,0.45049208,0.43453458,0.48420647,0.5132332,0.5044782,0.5143908,0.44468334,0.6025528,0.53130203,0.48315328,0.48733568,0.42232078,0.49569935,0.412221,0.47573504,0.544127,0.50903237,0.49078852
0.38720024,0.40122953,0.42857748,0.42565086,0.38988718,0.41199738,0.43427658,0.40139338,0.40021366,0.40390313,0.41007748,0.41798556,0.41393858,0.44997752,0.29880306,0.42605898,0.37682348,0.50311214,0.6144178,0.41673303,0.7191643,0.59748775,0.7393159,1.0000001,0.72018576,0.8916331,0.7004569,0.63019395,0.80282986,0.7177813,0.61018646,0.48377377,0.383665,0.48192686,0.43546107,0.54538435,0.50146985,0.44288993,0.43157637,0.405337,0.3537299,0.34297764,0.3509868,0.35504442,0.35065988,0.31076416,0.325506,0.3043969,0.3226449,0.33734643,0.32284707,0.5884444,0.561036,0.64197105,0.51975816,0.5757854,0.49974766,0.58219755,0.5748393,0.57536936,0.531735,0.40322345,0.30250427,0.33547685,0.37573206,0.44258663,0.34201327,0.3631413,0.30440894,0.29865572,0.35586655,0.3954622,0.37357435,0.42013156,0.41074938,0.4127431,0.43796274,0.45757157,0.41147298,0.3850533,0.4276315,0.4431647,0.3560311,0.38983586,0.38991353,0.38613296,0.42607093,0.3719849,0.39685434,0.3975738,0.3369466,0.49666554,0.45531213,0.45643857,0.4367613,0.39647925,0.44935533,0.36960495,0.4335862,0.41545728,0.45052922,0.46029523
0.4304181,0.43171006,0.44605595,0.44969666,0.48209235,0.4150438,0.44831064,0.41883385,0.38292965,0.41184223,0.3895266,0.49535936,0.46998215,0.38665646,0.40749592,0.45386335,0.48140088,0.44651955,0.41486818,0.4505952,0.7757494,0.546211,0.8489729,0.72018576,0.9999999,0.7519161,0.7243628,0.58930635,0.8177242,0.7654718,0.5605988,0.49032003,0.41514435,0.5499653,0.48160803,0.77985376,0.53361404,0.48147094,0.5075395,0.5072847,0.4038705,0.38204136,0.3841605,0.38908723,0.38125628,0.36177596,0.42326397,0.3895458,0.39997405,0.37953666,0.36078465,0.60828555,0.6386278,0.5902042,0.5721789,0.63577497,0.569299,0.5924781,0.618488,0.70699096,0.52475286,0.53908116,0.35483265,0.40801972,0.44351506,0.42054117,0.35920146,0.40219834,0.41039848,0.28702697,0.3868062,0.5164477,0.40376452,0.5105383,0.47285995,0.5094898,0.4474731,0.5369496,0.5443478,0.49694946,0.5882341,0.45357522,0.43171895,0.42049584,0.41583866,0.45551282,0.5770435,0.42719617,0.46357346,0.5219147,0.43636662,0.69877934,0.5477347,0.49932867,0.4870737,0.40085495,0.52391243,0.39955533,0.5171071,0.5059396,0.5220934,0.47846577
0.41301408,0.44254863,0.4479487,0.43483862,0.41541252,0.43937126,0.45947224,0.44062284,0.43909225,0.41758096,0.44766873,0.45566905,0.45736235,0.48072794,0.35198665,0.4908113,0.44741958,0.61655384,0.5330439,0.4564807,0.7733782,0.62410444,0.79356444,0.8916331,0.7519161,1.0000002,0.74577487,0.64095926,0.83716875,0.74988157,0.6436882,0.5136421,0.42598584,0.5630178,0.47307283,0.5917844,0.54815036,0.48992848,0.5031146,0.45723644,0.389031,0.36135504,0.3711793,0.3887578,0.37778315,0.3338468,0.35694468,0.34934583,0.3582355,0.36019653,0.36018476,0.62209326,0.58770853,0.7085077,0.55083996,0.60826117,0.5184922,0.5923989,0.6090084,0.58743757,0.53831434,0.44337952,0.35680634,0.40332747,0.44248283,0.4993091,0.4095807,0.4262906,0.36090657,0.33133268,0.4327747,0.4274729,0.37640926,0.4463029,0.43284115,0.43073893,0.44654012,0.4761568,0.43106824,0.40965396,0.4378392,0.505169,0.41658574,0.44443744,0.45392418,0.4544776,0.45713452,0.44870412,0.45589176,0.4839533,0.3964215,0.5270006,0.5035142,0.4815734,0.45358968,0.41812044,0.42351854,0.397612,0.45162904,0.44426572,0.48098654,0.48063016
0.4363973,0.43695223,0.46071666,0.46152428,0.44701234,0.41083464,0.44557735,0.42450824,0.40689093,0.43470287,0.4558875,0.4983874,0.5202696,0.4765074,0.43132597,0.47897285,0.49237388,0.49515325,0.48923615,0.4332222,0.7736797,0.56998587,0.78436404,0.7004569,0.7243628,0.74577487,1.0000002,0.6214959,0.77481437,0.719991,0.55211455,0.5225899,0.4966038,0.5807437,0.5169477,0.6231923,0.5475774,0.51282275,0.59293514,0.51478934,0.4602559,0.43993637,0.43725199,0.45315304,0.4505758,0.41654164,0.4461635,0.42361665,0.4239284,0.46626952,0.42574716,0.53302157,0.55053884,0.52734065,0.49259204,0.57974005,0.5280735,0.5023626,0.58945954,0.53463584,0.5009409,0.48689997,0.45299956,0.45883897,0.4778126,0.4676438,0.4670742,0.46101427,0.500964,0.40301368,0.52425146,0.4437554,0.4028774,0.39833656,0.42968947,0.41235918,0.41528937,0.41492498,0.41731027,0.39484754,0.40505514,0.5250332,0.48062629,0.45710623,0.50348055,0.49083388,0.50852007,0.5319396,0.5083996,0.5112199,0.51075786,0.538794,0.52805305,0.42549646,0.5273598,0.47237024,0.44748777,0.4546852,0.43257248,0.50528383,0.48670694,0.51897156
0.3847161,0.39233097,0.43339577,0.4181089,0.35389543,0.37499395,0.41651875,0.37021554,0.36120933,0.3889318,0.41531262,0.42526102,0.40534467,0.33597535,0.35476127,0.4017937,0.38322377,0.40517607,0.43052667,0.3783329,0.6542322,0.5694472,0.64507043,0.63019395,0.58930635,0.64095926,0.6214959,1.0000001,0.628488,0.619748,0.51891613,0.52797997,0.4502726,0.47542724,0.6177509,0.5038004,0.4645826,0.4511769,0.46729535,0.43656895,0.40880612,0.41354018,0.41476122,0.4193866,0.4212245,0.40839157,0.3837573,0.35618034,0.39863577,0.4163541,0.3941426,0.5186798,0.5479551,0.549742,0.49102965,0.56182534,0.48986122,0.51048344,0.5438067,0.5317711,0.5124414,0.39328584,0.36138582,0.3731218,0.41942456,0.38482237,0.37228864,0.3729812,0.3690241,0.49164224,0.40451407,0.3620645,0.36345723,0.32198504,0.391922,0.35797396,0.38925356,0.35145313,0.34439316,0.3345187,0.3457019,0.3616553,0.33803424,0.3288461,0.37077415,0.3886221,0.34511775,0.385592,0.38405922,0.35705853,0.36340362,0.4539088,0.43270677,0.34453917,0.46957773,0.56211454,0.382652,0.47994947,0.34434685,0.46805984,0.3979758,0.44788274
0.40435788,0.43186277,0.44550446,0.41911235,0.44057563,0.40998194,0.45084858,0.4327452,0.39219663,0.4099017,0.4333777,0.5018445,0.4738762,0.45653552,0.37611115,0.6056502,0.447105,0.5125343,0.50237596,0.4315935,0.7967003,0.5748497,0.80345184,0.80282986,0.8177242,0.83716875,0.77481437,0.628488,1.0,0.749298,0.5761378,0.4691224,0.39757475,0.55573875,0.4571882,0.6078013,0.50397515,0.45412365,0.4789087,0.4593847,0.36205608,0.34476557,0.33966294,0.3624955,0.3496561,0.32295263,0.36449218,0.34236434,0.34147662,0.34841362,0.32705635,0.70864666,0.5650847,0.5996904,0.51837236,0.6210088,0.52347183,0.559599,0.6035812,0.5725473,0.48488718,0.4621254,0.3732878,0.41327542,0.4522966,0.48258826,0.39612734,0.4096508,0.39360467,0.33484507,0.4153949,0.41735324,0.3506674,0.527404,0.42722642,0.42480657,0.3975583,0.4464979,0.45383638,0.39463747,0.4415698,0.610348,0.42678273,0.41398177,0.44098648,0.4609862,0.47078234,0.4117439,0.45540628,0.48202783,0.4087478,0.5466412,0.49407628,0.45955122,0.44239873,0.4049734,0.4538999,0.37594554,0.4546024,0.4338584,0.47962466,0.44857532
0.43251735,0.40457103,0.43097177,0.43543115,0.49294633,0.38999644,0.44032586,0.41138282,0.38927302,0.4411253,0.41472337,0.46407905,0.49336576,0.38001743,0.39251274,0.4318385,0.46473223,0.44422764,0.39649072,0.509662,0.7070054,0.5681972,0.7839434,0.7177813,0.7654718,0.74988157,0.719991,0.619748,0.749298,0.99999994,0.5542057,0.49463573,0.400073,0.49892247,0.4542345,0.60719675,0.59201837,0.6843098,0.5371364,0.49005967,0.40812215,0.35613722,0.3853685,0.3882005,0.37569824,0.32811952,0.39844555,0.36580014,0.39011264,0.39095703,0.34706086,0.546556,0.5919816,0.5601709,0.6120606,0.5337863,0.50145227,0.5345373,0.5943486,0.57694495,0.5200659,0.44995004,0.33262548,0.5309224,0.39868444,0.42538124,0.38778746,0.47593588,0.401649,0.31638694,0.44063276,0.48817238,0.33438313,0.43843096,0.39469767,0.45176792,0.4212703,0.46344903,0.4583075,0.5558993,0.4710613,0.42771888,0.41141886,0.48543504,0.43430638,0.4059778,0.4696799,0.4676848,0.62136936,0.44914764,0.42405897,0.5633052,0.57466245,0.4515869,0.5139922,0.437297,0.484901,0.40056312,0.47541294,0.5154196,0.5235112,0.49746558
0.40332475,0.44998872,0.42248031,0.39250225,0.3571531,0.39896244,0.44418767,0.40796745,0.3989281,0.39473793,0.570485,0.53238004,0.55188894,0.5154692,0.4667134,0.57865655,0.5555093,0.6192266,0.5467761,0.5366696,0.54453695,0.6449412,0.5669595,0.61018646,0.5605988,0.6436882,0.55211455,0.51891613,0.5761378,0.5542057,1.0,0.67540395,0.5577931,0.62019145,0.57636905,0.77258563,0.6936334,0.67811376,0.71022606,0.63040656,0.42244312,0.41100824,0.40620923,0.40173995,0.42654398,0.39813158,0.37332875,0.3810361,0.42380354,0.39442754,0.42742053,0.64282554,0.6145188,0.6495149,0.5958536,0.5768117,0.5889071,0.726306,0.6807796,0.65852135,0.56666106,0.4350516,0.35446495,0.37682533,0.3475217,0.52128404,0.40179935,0.40850794,0.37370962,0.24476582,0.42881975,0.3809218,0.3831059,0.3712401,0.37324607,0.3904895,0.434429,0.49314216,0.3691206,0.36432436,0.37878135,0.49492937,0.44034693,0.45095724,0.48296785,0.4160423,0.5103808,0.4884169,0.4824158,0.4334709,0.44043663,0.486916,0.45157945,0.37905505,0.41437382,0.3842438,0.3488595,0.3769403,0.30876774,0.4072618,0.44857642,0.50855225
0.36986753,0.3761445,0.4129694,0.39780647,0.32978922,0.36520347,0.40467364,0.3555955,0.36477882,0.35742602,0.51900846,0.46549344,0.45885396,0.41758496,0.42998627,0.48128942,0.4752415,0.48467895,0.4541958,0.4520546,0.47943413,0.5155447,0.52542925,0.48377377,0.49032003,0.5136421,0.5225899,0.52797997,0.4691224,0.49463573,0.67540395,0.9999999,0.75558466,0.5394487,0.68921065,0.6440432,0.62661105,0.65555936,0.66091293,0.62417763,0.479035,0.49029326,0.49906307,0.4627657,0.49457747,0.48304358,0.44597566,0.43497264,0.53110045,0.45229205,0.4833217,0.4599077,0.45583305,0.44486353,0.44468188,0.41073385,0.43511042,0.40835503,0.5089752,0.4691862,0.41562235,0.32728958,0.33385918,0.33820716,0.28743455,0.29701793,0.37982395,0.3483099,0.3578369,0.448871,0.36398783,0.33922622,0.32437488,0.28231192,0.33060056,0.33239618,0.38412848,0.27240524,0.31636855,0.3136788,0.2785055,0.36619532,0.35399252,0.36744002,0.40140224,0.3273834,0.3392165,0.41919252,0.40707982,0.3615311,0.37515104,0.3514367,0.37634078,0.30644572,0.3318461,0.3618024,0.2896369,0.35666034,0.27577347,0.35784876,0.40237546,0.39778155
0.32774812,0.32254997,0.359127,0.33569086,0.32046768,0.3136338,0.3391099,0.31460723,0.3047725,0.3030774,0.46292764,0.4635813,0.40574238,0.3831094,0.40122068,0.42037714,0.39387867,0.42800418,0.3732698,0.41239923,0.4743207,0.45178688,0.43761238,0.383665,0.41514435,0.42598584,0.4966038,0.4502726,0.39757475,0.400073,0.5577931,0.75558466,1.0,0.53212357,0.65312463,0.5752957,0.60498095,0.563886,0.577106,0.580156,0.4377125,0.43846285,0.41757318,0.42078736,0.46596652,0.41658163,0.42815274,0.40793127,0.4361415,0.40687758,0.4580827,0.393605,0.35579544,0.3607873,0.39338866,0.37865037,0.6037466,0.33263758,0.46230787,0.39559722,0.35028708,0.35115623,0.58024544,0.35883924,0.33373404,0.32262623,0.41745993,0.39234084,0.37408903,0.47741827,0.35080126,0.293631,0.47653756,0.2506616,0.29065543,0.31023753,0.3492062,0.25007838,0.30618513,0.27095085,0.2528655,0.3393668,0.5416657,0.36516634,0.37574965,0.3220755,0.32218456,0.347884,0.35114256,0.3716067,0.36142856,0.31969306,0.37108186,0.22069417,0.28993133,0.3427536,0.22177677,0.5328139,0.1935126,0.29698116,0.27467585,0.3589969
0.3589479,0.42521247,0.39335853,0.34916604,0.32861325,0.35941696,0.41416824,0.34554943,0.32909405,0.30595532,0.5220809,0.5204923,0.53124917,0.5115996,0.5216943,0.5433046,0.5101871,0.57314223,0.50511193,0.45414263,0.7966134,0.5283531,0.5650005,0.48192686,0.5499653,0.5630178,0.5807437,0.47542724,0.55573875,0.49892247,0.62019145,0.5394487,0.53212357,1.0000002,0.57746744,0.6425099,0.56425375,0.5655854,0.6798874,0.6289269,0.3771667,0.37574494,0.35221595,0.3849174,0.39995298,0.38197312,0.39440706,0.3948062,0.39223242,0.3923184,0.39632663,0.571724,0.51639473,0.5395439,0.4659259,0.7722673,0.51569915,0.5085237,0.5924726,0.54607534,0.4880045,0.47051862,0.4556471,0.4612083,0.7246702,0.48058695,0.49121913,0.44709933,0.51811504,0.3996328,0.46645385,0.43201375,0.39979222,0.41500798,0.64254636,0.43154657,0.4202262,0.4131865,0.43933636,0.3846474,0.39146888,0.5147519,0.46994027,0.43091124,0.50523186,0.76254874,0.4685166,0.4947345,0.48692992,0.501903,0.5381633,0.53775644,0.50073797,0.41575864,0.4763605,0.49063835,0.39982438,0.48745006,0.38346067,0.4850401,0.4626778,0.5097725
0.34729198,0.33837166,0.38404158,0.35858625,0.3070172,0.3401006,0.35408428,0.3141404,0.3086129,0.32820478,0.46938026,0.42555523,0.4276604,0.3591683,0.4040643,0.43591812,0.38922858,0.4161891,0.35517868,0.40137485,0.52400553,0.46450955,0.4982055,0.43546107,0.48160803,0.47307283,0.5169477,0.6177509,0.4571882,0.4542345,0.57636905,0.68921065,0.65312463,0.57746744,1.0000002,0.61996144,0.6142055,0.6262037,0.61687315,0.6173813,0.42849824,0.43465418,0.42860362,0.4249569,0.4500953,0.44127345,0.40291116,0.3798317,0.42731148,0.43101317,0.42136097,0.42341173,0.39022106,0.37977147,0.40077,0.43674937,0.40532485,0.33180445,0.47163722,0.43323445,0.41706243,0.4060547,0.40844166,0.40673634,0.39329565,0.33402157,0.4466219,0.41186994,0.396166,0.59065175,0.39619908,0.38113526,0.3986374,0.3496599,0.4476546,0.39999634,0.42955735,0.33283734,0.39029276,0.38515294,0.34437856,0.40562314,0.3950996,0.37398252,0.42921948,0.41202575,0.3890838,0.41915822,0.41919804,0.40590665,0.41063088,0.3651829,0.40099788,0.2830369,0.3539708,0.546355,0.25086254,0.40515816,0.27520865,0.37199128,0.31417513,0.4135617
0.4342976,0.44980484,0.432203,0.4474453,0.4603765,0.41924143,0.44237897,0.4010102,0.37526682,0.3953735,0.5678081,0.6244565,0.61631685,0.53510064,0.55465186,0.586657,0.6364301,0.5928899,0.51030105,0.56036323,0.5971354,0.57234055,0.704452,0.54538435,0.77985376,0.5917844,0.6231923,0.5038004,0.6078013,0.60719675,0.77258563,0.6440432,0.5752957,0.6425099,0.61996144,1.0,0.71823114,0.7032411,0.7462073,0.7034651,0.42900914,0.42034328,0.42260778,0.41749305,0.43267834,0.40459517,0.44797796,0.41824424,0.44080207,0.40199107,0.41313848,0.62350464,0.6755441,0.59397274,0.6046079,0.6096938,0.6266651,0.6088904,0.7026205,0.7575218,0.58102614,0.5872161,0.4300969,0.4681642,0.4278197,0.45565417,0.45236415,0.46252984,0.4954848,0.27715036,0.47556442,0.5069672,0.4199746,0.45718735,0.4285124,0.49071658,0.45430565,0.501265,0.49327108,0.46803135,0.53222996,0.51861244,0.5105351,0.48584086,0.5265684,0.4699776,0.6581974,0.5452599,0.5552354,0.5706316,0.5443777,0.6802461,0.54641193,0.4641556,0.47947413,0.41137248,0.4679845,0.41275826,0.43895113,0.49599823,0.48617527,0.5374087
