0,1,2,3,4,5,6,7,8,9,10,11,12,13,14,15,16,17,18,19,20,21,22,23,24,25,26,27,28,29,30,31,32,33,34,35,36,37,38,39,40,41,42,43,44,45,46,47,48,49,50,51,52,53,54,55,56,57,58,59,60,61,62,63,64,65,66,67,68,69,70,71,72,73,74,75,76,77,78,79,80,81,82,83,84,85,86,87,88,89
1.0000001,0.67149633,0.5738679,0.7564215,0.3182655,0.69527173,0.743815,0.66587996,0.6808128,0.74915653,0.24525887,0.21320793,0.249043,0.41663206,0.26667568,0.66493297,0.3343761,0.39748842,0.33418402,0.26339012,0.4399231,0.3013038,0.44580385,0.32938886,0.428026,0.5458342,0.46574235,0.36646685,0.4094001,0.34511778,0.3385067,0.26248977,0.22837758,0.19734833,0.26768374,0.31408957,0.17329524,0.19721037,0.18431544,0.32174972,0.40073028,0.20256023,0.41048265,0.49110433,0.43846014,0.40449643,0.46546495,0.42893156,0.48435175,0.25266236,0.31707793,0.26149526,0.35101905,0.31666106,0.14820127,0.25102904,0.25897312,0.16064522,0.28183538,0.23962747,0.2642548,0.3070285,0.31081325,0.25260654,0.22775592,0.18473716,0.2749788,0.27015823,0.29720297,0.096777365,0.29652852,0.21966057,0.3231526,0.3444287,0.30029458,0.29860777,0.28874534,0.32246158,0.25876203,0.39209375,0.31202412,0.3516548,0.28164214,0.42184636,0.27002722,0.20318131,0.2613742,0.17993702,0.21356261,0.27265668
0.67149633,0.9999999,0.5258662,0.6502793,0.26884404,0.6590654,0.69085795,0.7201671,0.7123991,0.691094,0.24828036,0.18741599,0.19544908,0.46797612,0.2421807,0.5206982,0.27678877,0.4168038,0.38405353,0.30268875,0.4292378,0.26721114,0.35816994,0.36167613,0.450069,0.44754136,0.36720997,0.32682016,0.37548035,0.24018897,0.26848236,0.27148375,0.22128524,0.16739398,0.28372648,0.26312476,0.17853156,0.2622117,0.22587378,0.26933333,0.4262374,0.2101131,0.4313371,0.51212406,0.4389644,0.4508451,0.493642,0.45972803,0.4022676,0.2635686,0.3859472,0.3103655,0.37776875,0.368673,0.17313477,0.3189667,0.29337817,0.33229443,0.1273615,0.22512582,0.27034077,0.27761346,0.3436965,0.3001634,0.2689174,0.29246482,0.29307014,0.31781986,0.27280518,0.16203159,0.18017168,0.21428949,0.30415824,0.2844716,0.19966349,0.23677443,0.19709376,0.25779667,0.19217579,0.18813664,0.23775052,0.38027906,0.30977196,0.25590435,0.29011104,0.2395096,0.27372298,0.24105737,0.24024534,0.33653793
0.5738679,0.5258662,1.0000001,0.5876003,0.29774743,0.56940174,0.53963894,0.55366045,0.58123285,0.56382185,0.27805158,0.21791898,0.2468587,0.29537067,0.35191217,0.48281163,0.39850616,0.43964642,0.19245413,0.19850712,0.5540329,0.28499812,0.36754203,0.41349313,0.36769652,0.41650218,0.33373293,0.371458,0.5040693,0.30379456,0.3493721,0.26367053,0.27524814,0.3659101,0.19356588,0.25676164,0.24294752,0.2507274,0.30952314,0.24611838,0.33996794,0.16744877,0.30899692,0.4786017,0.37461713,0.37152678,0.3950877,0.39706522,0.3236786,0.2000284,0.36224115,0.4137155,0.33835545,0.33465663,0.16005419,0.36207417,0.27212998,0.1572302,0.229923,0.23126565,0.33171874,0.3298199,0.30859992,0.26275992,0.3462077,0.25412896,0.24106051,0.27986088,0.30242223,0.085507,0.3925007,0.12634951,0.15721183,0.28687492,0.14528184,0.20050324,0.13725168,0.26540452,0.1149139,0.21428162,0.22344074,0.35089698,0.2648551,0.30253875,0.24566963,0.22557068,0.25218123,0.19613622,0.27334714,0.3839576
0.7564215,0.6502793,0.5876003,1.0000001,0.30493677,0.6713102,0.72571325,0.67537403,0.6344892,0.69291663,0.4647053,0.3456591,0.33853212,0.33296978,0.35475463,0.53835595,0.48979923,0.4037653,0.25138238,0.3148316,0.5091733,0.43538967,0.42377385,0.32310688,0.34408668,0.53035426,0.3350107,0.33079854,0.5027457,0.33976936,0.3559484,0.29618233,0.28046486,0.18101372,0.2041078,0.38179332,0.35399097,0.25971636,0.27433497,0.27957088,0.4025659,0.20126723,0.35426956,0.526836,0.40888456,0.386991,0.46088853,0.49649066,0.34103832,0.2426081,0.32583028,0.25992563,0.354382,0.36291274,0.18157779,0.28734684,0.36103886,0.19836336,0.15057504,0.23634908,0.35754225,0.3035666,0.3831046,0.36945647,0.31384176,0.298332,0.31755036,0.47823146,0.30154383,0.11640007,0.22586529,0.09932157,0.2316412,0.33080164,0.17957848,0.19882068,0.12079172,0.15698305,0.15773499,0.1770709,0.1598281,0.37321934,0.31468248,0.25802466,0.22039993,0.26236904,0.26527417,0.21340917,0.21827908,0.32299924
0.3182655,0.26884404,0.29774743,0.30493677,0.99999994,0.3508823,0.366753,0.40998194,0.2460104,0.28276485,0.467075,0.37358254,0.41185385,0.27223876,0.50725174,0.36360037,0.6144349,0.26049134,0.28099126,0.2640268,0.4192636,0.4977491,0.5198019,0.37421194,0.4422528,0.5015178,0.41002452,0.3410737,0.44481844,0.54484034,0.53591835,0.5428568,0.38983497,0.3539479,0.4779582,0.5221288,0.35710695,0.38942155,0.5981713,0.5805562,0.40002662,0.4221917,0.39544302,0.423757,0.3935591,0.28579536,0.3545264,0.36190894,0.39609194,0.4650761,0.35400796,0.24002193,0.41409168,0.2766595,0.2951582,0.23945442,0.3159209,0.27162904,0.2829666,0.43527105,0.4075824,0.37219566,0.43534422,0.29365304,0.3331745,0.24760567,0.4553761,0.37639377,0.3845816,0.47649065,0.30827817,0.25598544,0.4311157,0.36600107,0.32228652,0.2714832,0.30326763,0.32868376,0.28183246,0.30052313,0.3410854,0.42120013,0.42863545,0.34312627,0.33888066,0.36024866,0.49148116,0.31151533,0.40534452,0.486954
0.69527173,0.6590654,0.56940174,0.6713102,0.3508823,1.0000001,0.77709085,0.7036692,0.71854174,0.751133,0.2836751,0.38616794,0.32779944,0.5016231,0.39948356,0.5765388,0.41136304,0.5699419,0.4549542,0.3114295,0.50738454,0.36756286,0.46123433,0.38890815,0.6028025,0.572136,0.43516687,0.39774713,0.5320512,0.43410102,0.40616804,0.38099888,0.26562893,0.24894643,0.32280147,0.3729772,0.33061016,0.37002736,0.32681793,0.29253843,0.6121786,0.35694993,0.54648226,0.68179643,0.610066,0.61542237,0.65436417,0.6106766,0.5720664,0.40297958,0.46793,0.34231642,0.45335793,0.39817718,0.32120252,0.37758175,0.42424145,0.2992388,0.28712362,0.33251172,0.46016335,0.4382121,0.45479262,0.38241118,0.44786426,0.44344583,0.47631773,0.33856568,0.46469864,0.23688386,0.32935807,0.26472205,0.37635002,0.4016717,0.3420477,0.3923326,0.322108,0.3672965,0.30659425,0.32632372,0.36546195,0.50622934,0.42124355,0.4186785,0.4045755,0.3601719,0.42279148,0.34656268,0.3644887,0.40161997
0.743815,0.69085795,0.53963894,0.72571325,0.366753,0.77709085,1.0000001,0.74829745,0.72875565,0.7614641,0.29902935,0.40073088,0.28745744,0.453252,0.4038803,0.58240473,0.41762745,0.47176957,0.35451669,0.26632395,0.48243418,0.39105985,0.49760553,0.39021832,0.5181272,0.53054136,0.32878006,0.34979203,0.43473625,0.45770335,0.40105176,0.39328676,0.2420937,0.2434537,0.37401605,0.3904593,0.29965365,0.38216162,0.29021767,0.37468672,0.57428676,0.34769088,0.53658265,0.6179972,0.5660439,0.54836774,0.6081495,0.57910377,0.5069361,0.39119598,0.40799478,0.37265855,0.4629535,0.49026328,0.28009668,0.3827517,0.32698983,0.2964516,0.24753737,0.29672784,0.42858574,0.42707682,0.41818357,0.3723644,0.40762705,0.31938326,0.45703888,0.341444,0.4362866,0.22249357,0.27539814,0.23230115,0.36377615,0.3780186,0.37311906,0.35538724,0.2980567,0.34269857,0.284975,0.30397546,0.3114838,0.44641164,0.40887582,0.3493651,0.3256753,0.3348751,0.37128276,0.32168934,0.32922193,0.34070587
0.66587996,0.7201671,0.55366045,0.67537403,0.40998194,0.7036692,0.74829745,1.0000002,0.76254725,0.749027,0.3935665,0.3515087,0.33977175,0.4948566,0.38978642,0.60650253,0.44030017,0.44427866,0.36760333,0.33543357,0.46196744,0.30988163,0.42470115,0.52776986,0.46583232,0.48762622,0.3737417,0.33418965,0.43979433,0.38503388,0.42965212,0.39920348,0.24526845,0.2102292,0.35080692,0.37040004,0.2828499,0.36703587,0.2650736,0.34212247,0.51937866,0.3061382,0.48581848,0.54881984,0.5137525,0.5304233,0.55413634,0.5016124,0.45269486,0.35116926,0.391647,0.34250468,0.44382173,0.4776232,0.2206368,0.37418848,0.36961463,0.3027503,0.21258834,0.27148932,0.38759008,0.36407658,0.4213632,0.3342067,0.3620789,0.3402304,0.40786725,0.33355665,0.42182958,0.22168659,0.24102385,0.16554476,0.29326648,0.33923864,0.25368506,0.24928133,0.24973989,0.24831802,0.20271993,0.25378248,0.33957088,0.4493934,0.45249432,0.33059698,0.3844508,0.33515146,0.40893105,0.34739593,0.34882942,0.4080497
0.6808128,0.7123991,0.58123285,0.6344892,0.2460104,0.71854174,0.72875565,0.76254725,1.0000001,0.74917847,0.3121238,0.34827656,0.30177152,0.504735,0.33712187,0.55875397,0.3656799,0.5049411,0.43076432,0.33508235,0.42140096,0.28807408,0.3362627,0.3741348,0.61467946,0.4284154,0.41881126,0.3486839,0.45768484,0.38991046,0.3831496,0.36031714,0.24229044,0.25288966,0.40324745,0.29776898,0.26304692,0.41347545,0.23764242,0.26511908,0.5371767,0.35246018,0.5771758,0.560375,0.5354248,0.5566429,0.55372834,0.5835252,0.49920797,0.41234607,0.37360388,0.35689247,0.37832206,0.46409783,0.2283639,0.35809314,0.35658228,0.24447347,0.20546204,0.26393455,0.34246016,0.3407347,0.348084,0.33588824,0.36830935,0.3347326,0.33115458,0.27620295,0.35371867,0.13693342,0.21135907,0.14907867,0.2609601,0.3215334,0.2248827,0.2626372,0.22963014,0.23808756,0.1630439,0.21793671,0.32799646,0.4335177,0.38995615,0.37266508,0.388819,0.2985923,0.38610485,0.3041553,0.39487207,0.36783597
0.74915653,0.691094,0.56382185,0.69291663,0.28276485,0.751133,0.7614641,0.749027,0.74917847,1.0000001,0.22299804,0.28562906,0.26522893,0.4423421,0.26504552,0.57043314,0.32034096,0.39224625,0.31516707,0.24363998,0.4938705,0.31022355,0.42875186,0.3699168,0.46396476,0.49985975,0.37281218,0.36481422,0.41351154,0.33575046,0.32290402,0.26895154,0.17673942,0.21213822,0.26750013,0.26670974,0.25088435,0.24569166,0.18483514,0.27061403,0.4401644,0.19305392,0.42711794,0.56080365,0.45944506,0.47841716,0.5345019,0.47975054,0.4261268,0.22519852,0.34769002,0.2571132,0.37706548,0.38093132,0.22077538,0.29405352,0.30751157,0.22342294,0.19544792,0.21061179,0.3163721,0.33604795,0.333924,0.3088578,0.40110093,0.27467334,0.30641025,0.20141484,0.33805236,0.10950847,0.2471581,0.17745878,0.23199911,0.29173234,0.25463477,0.25200388,0.21199815,0.23454058,0.1978756,0.25472495,0.2361599,0.38672233,0.3404272,0.26336014,0.27569628,0.29193774,0.28104538,0.3045842,0.27615008,0.2715783
0.24525887,0.24828036,0.27805158,0.4647053,0.467075,0.2836751,0.29902935,0.3935665,0.3121238,0.22299804,0.9999997,0.54013777,0.529243,0.24176335,0.5144351,0.36391386,0.7708225,0.35262492,0.2535455,0.44000518,0.39764622,0.648865,0.38212097,0.35931823,0.35049844,0.44283348,0.46330714,0.35673314,0.53847593,0.5312261,0.5649285,0.54168224,0.3642074,0.26230082,0.36888504,0.5850137,0.5596496,0.35267267,0.40624887,0.3175888,0.41897047,0.42555022,0.3728012,0.42361143,0.429558,0.3522304,0.38671505,0.5117604,0.37658843,0.473425,0.33663803,0.32954088,0.39860138,0.3670669,0.29580998,0.33023754,0.42513523,0.30646455,0.297269,0.32118103,0.44464839,0.35387087,0.3421612,0.40084946,0.40781075,0.36972427,0.37973833,0.51232564,0.34110704,0.25070605,0.2614115,0.09875403,0.271482,0.39920965,0.17563784,0.20702754,0.1392974,0.17452021,0.16652451,0.17571509,0.36776835,0.3378,0.46093917,0.38951844,0.25025788,0.34572157,0.47459975,0.34169498,0.40203807,0.44982687
0.21320793,0.18741599,0.21791898,0.3456591,0.37358254,0.38616794,0.40073088,0.3515087,0.34827656,0.28562906,0.54013777,1.0000002,0.5780186,0.31578967,0.6960174,0.34883827,0.6060921,0.47202104,0.3255357,0.46884015,0.33364177,0.41477156,0.38882598,0.3620304,0.41820514,0.42323852,0.30730394,0.33418196,0.384858,0.5787735,0.4828163,0.5234879,0.39525187,0.24387155,0.36250982,0.4155669,0.59176505,0.5376969,0.37605545,0.21563593,0.52821535,0.5201252,0.35174507,0.45843485,0.46460578,0.43336976,0.4693861,0.46312118,0.40846863,0.53652155,0.3262825,0.3583502,0.39389062,0.40158677,0.32615408,0.3804591,0.35426438,0.35443822,0.34264967,0.32280678,0.43674025,0.36737472,0.32412988,0.41503018,0.4341219,0.32343188,0.38819787,0.25687295,0.40549818,0.22874644,0.29529494,0.12356965,0.2916383,0.31846148,0.3084234,0.23600507,0.23942633,0.19050229,0.21162546,0.20376475,0.34342632,0.34190598,0.41857737,0.30433676,0.27721784,0.32671785,0.43521926,0.34123304,0.43245342,0.35694066
0.249043,0.19544908,0.2468587,0.33853212,0.41185385,0.32779944,0.28745744,0.33977175,0.30177152,0.26522893,0.529243,0.5780186,0.9999999,0.3150219,0.4495599,0.42483306,0.49543914,0.36838835,0.37566927,0.3625486,0.36666983,0.3758903,0.3112354,0.32074094,0.380507,0.45076966,0.3837395,0.2887709,0.41380775,0.43922812,0.45798942,0.38497627,0.30096543,0.16598764,0.24295981,0.39775345,0.4429961,0.35093185,0.28756112,0.26780954,0.49244055,0.46702272,0.41645795,0.46448544,0.47576416,0.42176574,0.43595332,0.4815757,0.464981,0.47634947,0.41986006,0.28774709,0.42314,0.395551,0.37178642,0.38417646,0.4214389,0.4041024,0.42072225,0.40366492,0.42082977,0.45602238,0.38822165,0.40489084,0.4441469,0.46793726,0.45263958,0.34439552,0.39108226,0.32611918,0.38116646,0.25398797,0.3903372,0.34003705,0.3530035,0.35478282,0.32919767,0.29448143,0.32242143,0.31613663,0.42514926,0.35725635,0.4410415,0.39061004,0.39369678,0.37962216,0.4685124,0.43516618,0.4607132,0.41466132
0.41663206,0.46797612,0.29537067,0.33296978,0.27223876,0.5016231,0.453252,0.4948566,0.504735,0.4423421,0.24176335,0.31578967,0.3150219,1.0000001,0.27735296,0.43606693,0.2888971,0.55094975,0.8689725,0.696396,0.39120692,0.28256842,0.44308183,0.37413505,0.56025237,0.45466745,0.45525017,0.3848055,0.40219915,0.385668,0.3552451,0.31580418,0.36149767,0.25470984,0.37501505,0.32785383,0.26496354,0.45540255,0.24941337,0.33744243,0.568815,0.37577486,0.546167,0.53507876,0.54927367,0.57950693,0.5289018,0.52066445,0.5543552,0.4204771,0.41980577,0.29801303,0.5003597,0.43117842,0.37398466,0.38077962,0.34338176,0.2830633,0.3064112,0.35340077,0.33544934,0.3610006,0.27871376,0.30429086,0.39931312,0.2467671,0.38229385,0.22723854,0.30764595,0.23739615,0.31422514,0.34475872,0.436965,0.35007846,0.37104478,0.36749774,0.3676479,0.3880078,0.29368988,0.28833753,0.43743128,0.43080813,0.3906735,0.3640517,0.4188276,0.31006765,0.4127183,0.39405367,0.33893296,0.40268075
0.26667568,0.2421807,0.35191217,0.35475463,0.50725174,0.39948356,0.4038803,0.38978642,0.33712187,0.26504552,0.5144351,0.6960174,0.4495599,0.27735296,1.0000001,0.43897542,0.7192893,0.48103628,0.25627142,0.38541877,0.4852914,0.38513377,0.55265397,0.56705093,0.48035693,0.54697317,0.37627664,0.46566775,0.5271305,0.6328821,0.6121715,0.6126624,0.5122147,0.36811042,0.45690462,0.51216424,0.60777414,0.6260561,0.4289129,0.36660263,0.5189329,0.5552656,0.3720379,0.4684304,0.51931655,0.37067565,0.47972596,0.4648249,0.40297422,0.5819441,0.37372965,0.3782068,0.5260491,0.34089044,0.25379202,0.38922948,0.32655263,0.3545733,0.31257534,0.30683056,0.5497573,0.4330581,0.3722575,0.4081432,0.48727256,0.29908565,0.44531667,0.24756391,0.48256218,0.23134139,0.2875643,0.039291613,0.29838195,0.33600855,0.25444043,0.19297028,0.13568321,0.23399621,0.14453702,0.115965076,0.36812702,0.3186211,0.4366927,0.42086157,0.3077684,0.33473516,0.42044553,0.328093,0.41310725,0.45405677
0.66493297,0.5206982,0.48281163,0.53835595,0.36360037,0.5765388,0.58240473,0.60650253,0.55875397,0.57043314,0.36391386,0.34883827,0.42483306,0.43606693,0.43897542,1.0,0.45216107,0.41775995,0.3993919,0.33122933,0.4736335,0.3498521,0.47124106,0.5338738,0.4654509,0.5288629,0.5109878,0.36646208,0.468797,0.4577272,0.44331226,0.36613804,0.3269082,0.2028932,0.2562423,0.37092078,0.3267098,0.33962223,0.22167484,0.32135478,0.55512166,0.35569003,0.5501051,0.57530224,0.5771497,0.53003097,0.5820575,0.5594146,0.6010009,0.3943635,0.4251907,0.29334742,0.47376806,0.3835093,0.25886178,0.34427053,0.39477366,0.34322456,0.43740532,0.33694014,0.42937008,0.43736723,0.3850911,0.32993197,0.381038,0.30473083,0.36137795,0.22482923,0.38875562,0.17227155,0.36895218,0.2807786,0.40021595,0.43328163,0.3580227,0.35696366,0.36494297,0.3625596,0.35904786,0.37372681,0.40201256,0.34616888,0.38164717,0.41160524,0.41232052,0.26611695,0.36922115,0.3126179,0.36752644,0.33691752
0.3343761,0.27678877,0.39850616,0.48979923,0.6144349,0.41136304,0.41762745,0.44030017,0.3656799,0.32034096,0.7708225,0.6060921,0.49543914,0.2888971,0.7192893,0.45216107,0.99999994,0.3944546,0.27140486,0.41259828,0.52866226,0.5916969,0.5143968,0.5071815,0.49614656,0.55986804,0.5242747,0.41639474,0.6700729,0.6638637,0.6720333,0.69762963,0.46572378,0.34518796,0.48716486,0.6556518,0.6075256,0.47122598,0.4818405,0.39313558,0.5246252,0.4942641,0.3894841,0.4934373,0.5175917,0.44394928,0.47987503,0.51470697,0.45318133,0.5440297,0.38132447,0.4029138,0.50300896,0.37831578,0.28572986,0.35272044,0.4348635,0.31956613,0.3654516,0.32634568,0.56393063,0.3996207,0.40576127,0.41143706,0.45752385,0.34209976,0.4606285,0.4485194,0.43884647,0.2547559,0.3182818,0.07522243,0.32161823,0.41556397,0.24245137,0.22973523,0.17030229,0.19659641,0.18608794,0.16992913,0.4154241,0.35797003,0.5091864,0.43540102,0.34163472,0.3508,0.49551097,0.39347917,0.47831476,0.51993084
0.39748842,0.4168038,0.43964642,0.4037653,0.26049134,0.5699419,0.47176957,0.44427866,0.5049411,0.39224625,0.35262492,0.47202104,0.36838835,0.55094975,0.48103628,0.41775995,0.3944546,1.0,0.50765294,0.37316436,0.43456766,0.3120829,0.4103789,0.35243788,0.5383535,0.46019977,0.3914578,0.59152156,0.49658436,0.44532055,0.42662558,0.40910202,0.37712532,0.4540628,0.28956652,0.32632372,0.4121007,0.43856823,0.34256652,0.24885255,0.53334534,0.42846608,0.5163834,0.58797956,0.5497831,0.4951527,0.5533608,0.5929445,0.5122336,0.47601366,0.44972408,0.53332704,0.43554747,0.44271812,0.3125766,0.49518007,0.39030188,0.3295463,0.26366246,0.3407276,0.37253565,0.39646947,0.34715047,0.36775208,0.43005383,0.38500103,0.4159045,0.2878872,0.44447398,0.225561,0.34189683,0.20924453,0.31561014,0.4233486,0.26818645,0.33390194,0.26622477,0.28704825,0.2204068,0.2760849,0.4290882,0.46320823,0.43741366,0.42484722,0.3759874,0.38197377,0.43654093,0.37146032,0.3885596,0.39923453
0.33418402,0.38405353,0.19245413,0.25138238,0.28099126,0.4549542,0.35451669,0.36760333,0.43076432,0.31516707,0.2535455,0.3255357,0.37566927,0.8689725,0.25627142,0.3993919,0.27140486,0.50765294,1.0000002,0.7118889,0.30128056,0.28050685,0.34524602,0.27666909,0.54142267,0.4258932,0.4314723,0.31647214,0.4000439,0.34806243,0.32824817,0.31647432,0.3699809,0.16650167,0.3196836,0.33325514,0.28561556,0.43367532,0.24489333,0.2798484,0.57218605,0.3463702,0.5373591,0.52089626,0.53603595,0.5366055,0.5131538,0.5242962,0.56558096,0.41128895,0.43376282,0.26354435,0.4664238,0.38564527,0.39584237,0.35564867,0.35111696,0.2808127,0.33215034,0.36418366,0.30955234,0.35057625,0.26344872,0.301599,0.3712201,0.29568404,0.38791817,0.24358639,0.28128296,0.26323354,0.3264002,0.4006328,0.47378793,0.38075227,0.40440834,0.41035768,0.40412363,0.42176867,0.31990278,0.30706084,0.4709475,0.40502483,0.34254864,0.35098505,0.45778143,0.31019464,0.42101657,0.3727993,0.33282468,0.3895613
0.26339012,0.30268875,0.19850712,0.3148316,0.2640268,0.3114295,0.26632395,0.33543357,0.33508235,0.24363998,0.44000518,0.46884015,0.3625486,0.696396,0.38541877,0.33122933,0.41259828,0.37316436,0.7118889,1.0000001,0.29491362,0.33218554,0.37665394,0.30058658,0.3492548,0.4097676,0.37899885,0.3683314,0.3716509,0.37771022,0.3585321,0.35918066,0.4266874,0.17828156,0.27667084,0.37220103,0.38267207,0.38923976,0.22030292,0.2589476,0.43222815,0.27775332,0.35906947,0.36622226,0.43506265,0.37511656,0.36217666,0.39992306,0.38137546,0.33502144,0.37807712,0.2977255,0.4739915,0.3533854,0.35428214,0.35883397,0.3310286,0.2800939,0.3239992,0.2784419,0.3766353,0.33141115,0.20170975,0.3408035,0.4040898,0.23779573,0.2726596,0.27733308,0.24010998,0.14260402,0.29464763,0.25499782,0.355423,0.3349539,0.2842646,0.25651813,0.25932983,0.3354141,0.19536032,0.20864858,0.37670618,0.32171905,0.31357375,0.3316285,0.29889563,0.28055465,0.35284033,0.2941857,0.32707444,0.39765784
0.4399231,0.4292378,0.5540329,0.5091733,0.4192636,0.50738454,0.48243418,0.46196744,0.42140096,0.4938705,0.39764622,0.33364177,0.36666983,0.39120692,0.4852914,0.4736335,0.52866226,0.43456766,0.30128056,0.29491362,1.0000001,0.51575,0.6380908,0.6317552,0.5919938,0.71037376,0.5374859,0.56538814,0.7136014,0.5812278,0.5521473,0.4868427,0.40898737,0.38755095,0.3905383,0.4743765,0.46230006,0.38784936,0.37079966,0.47069067,0.48021376,0.33504125,0.43009907,0.6237536,0.53452396,0.47609138,0.5361535,0.52822757,0.4664854,0.3816066,0.4770368,0.37449467,0.46205917,0.38727146,0.30207783,0.41248223,0.34737304,0.3221202,0.32373545,0.32325947,0.47424814,0.45059156,0.37227687,0.38980117,0.4514852,0.3363597,0.38327864,0.26815125,0.39436284,0.17574611,0.38873357,0.2237351,0.30109394,0.33753213,0.25087523,0.30363062,0.19025567,0.29537308,0.24177724,0.21895356,0.3139086,0.37378275,0.3939769,0.367911,0.30373934,0.3256415,0.34062204,0.35535944,0.3754055,0.42227298
0.3013038,0.26721114,0.28499812,0.43538967,0.4977491,0.36756286,0.39105985,0.30988163,0.28807408,0.31022355,0.648865,0.41477156,0.3758903,0.28256842,0.38513377,0.3498521,0.5916969,0.3120829,0.28050685,0.33218554,0.51575,1.0000002,0.5362203,0.3610606,0.43120992,0.52824247,0.5286146,0.41163298,0.5717962,0.5750885,0.4259418,0.4411562,0.36622974,0.28294504,0.34850723,0.49596283,0.466765,0.35363436,0.42803618,0.36296967,0.46575832,0.35934728,0.41422117,0.55081636,0.46191263,0.41513667,0.43715408,0.5738688,0.4389005,0.39131793,0.3569752,0.2945201,0.3740716,0.31235752,0.35282305,0.2913131,0.38368747,0.2572784,0.3252031,0.3655199,0.4285607,0.34797534,0.34017003,0.3828039,0.41673702,0.37141803,0.32839298,0.45823017,0.28718856,0.27615875,0.31517228,0.2562466,0.3198545,0.39947882,0.26999685,0.3294239,0.2327573,0.2933259,0.2919168,0.23657373,0.32061648,0.33056673,0.36132213,0.33396873,0.2604441,0.34957835,0.3653268,0.3449624,0.36402944,0.35878244
0.44580385,0.35816994,0.36754203,0.42377385,0.5198019,0.46123433,0.49760553,0.42470115,0.3362627,0.42875186,0.38212097,0.38882598,0.3112354,0.44308183,0.55265397,0.47124106,0.5143968,0.4103789,0.34524602,0.37665394,0.6380908,0.5362203,1.0,0.59206295,0.5999849,0.7275566,0.49609107,0.60155874,0.5458545,0.6189312,0.53648376,0.49656916,0.5059848,0.48294774,0.51154846,0.5101502,0.48128957,0.553024,0.4618363,0.50854117,0.49865282,0.41086748,0.44950435,0.58517885,0.57294184,0.45048252,0.5334227,0.51927245,0.49658987,0.42575845,0.45438623,0.32939944,0.5163922,0.3372084,0.32166216,0.3217464,0.2822859,0.3160536,0.36904618,0.36460683,0.48678303,0.45225373,0.3771496,0.40365422,0.50493854,0.28882036,0.41315287,0.27636847,0.40958667,0.23782928,0.40314275,0.29527715,0.37337202,0.38723785,0.3775953,0.335526,0.2933759,0.40914097,0.33046824,0.31508338,0.33540624,0.3634734,0.37986162,0.40214348,0.29327714,0.37095118,0.3367455,0.37385657,0.38559338,0.3802138
0.32938886,0.36167613,0.41349313,0.32310688,0.37421194,0.38890815,0.39021832,0.52776986,0.3741348,0.3699168,0.35931823,0.3620304,0.32074094,0.37413505,0.56705093,0.5338738,0.5071815,0.35243788,0.27666909,0.30058658,0.6317552,0.3610606,0.59206295,1.0,0.5443763,0.5806212,0.45298502,0.43659034,0.56836057,0.5310765,0.4959855,0.4986993,0.42521447,0.3559275,0.42307147,0.42774507,0.4776105,0.49454153,0.33158213,0.37411457,0.45450905,0.35016173,0.36235827,0.44927108,0.44155607,0.40980855,0.44850427,0.4166313,0.37983254,0.40274185,0.37334746,0.38058144,0.4046863,0.31786075,0.24160182,0.34774855,0.270736,0.35225898,0.35493714,0.25108537,0.40816766,0.36223546,0.30339882,0.27216518,0.38105962,0.26236695,0.35574386,0.17188652,0.3507316,0.20971775,0.34664428,0.1468597,0.20697138,0.2740191,0.2110804,0.21541424,0.21853638,0.2432095,0.21984065,0.19255988,0.34490287,0.2697458,0.39447936,0.32695162,0.32193762,0.28052074,0.31260923,0.3492636,0.3328496,0.36992985
0.428026,0.450069,0.36769652,0.34408668,0.4422528,0.6028025,0.5181272,0.46583232,0.61467946,0.46396476,0.35049844,0.41820514,0.380507,0.56025237,0.48035693,0.4654509,0.49614656,0.5383535,0.54142267,0.3492548,0.5919938,0.43120992,0.5999849,0.5443763,1.0,0.6700381,0.5753244,0.50275886,0.6934797,0.6228259,0.5699401,0.53728807,0.3783009,0.3849301,0.65488863,0.48426184,0.42591202,0.6087631,0.3669544,0.44358858,0.6507296,0.5316383,0.6367766,0.6696762,0.6687075,0.6298587,0.67206156,0.6502964,0.6532842,0.5959489,0.44921696,0.36419246,0.44859117,0.3813092,0.3673032,0.3619723,0.37721542,0.34152958,0.36686614,0.35809058,0.45286155,0.4605512,0.37678123,0.37891358,0.48378143,0.426486,0.46121177,0.22918722,0.41196534,0.29335332,0.34202135,0.294326,0.36646122,0.36825824,0.3730037,0.4236933,0.32044512,0.35770103,0.3406748,0.25200865,0.4700232,0.44496596,0.42965475,0.47110993,0.43947923,0.38892943,0.44053406,0.43683773,0.46040773,0.40442413
0.5458342,0.44754136,0.41650218,0.53035426,0.5015178,0.572136,0.53054136,0.48762622,0.4284154,0.49985975,0.44283348,0.42323852,0.45076966,0.45466745,0.54697317,0.5288629,0.55986804,0.46019977,0.4258932,0.4097676,0.71037376,0.52824247,0.7275566,0.5806212,0.6700381,1.0000001,0.56316805,0.60670775,0.7274137,0.6381997,0.63684386,0.5401337,0.45329022,0.32865456,0.47737765,0.57494926,0.52507764,0.45347184,0.38379267,0.468867,0.5565367,0.3653653,0.46533167,0.62212795,0.61221063,0.48982283,0.6179993,0.56259954,0.5275749,0.41957024,0.5243048,0.3706151,0.5542451,0.40400568,0.35647935,0.40788245,0.4177117,0.36662984,0.40469643,0.3600664,0.49033487,0.45759267,0.44465247,0.5220884,0.47971213,0.40323067,0.44308546,0.28583053,0.45243704,0.23668694,0.42846462,0.29336327,0.36216357,0.48294985,0.39186582,0.39264184,0.28705785,0.40597382,0.30357495,0.32720613,0.4325278,0.42004704,0.44014198,0.4646182,0.38543865,0.41389883,0.42761698,0.39041215,0.41463363,0.41685507
0.46574235,0.36720997,0.33373293,0.3350107,0.41002452,0.43516687,0.32878006,0.3737417,0.41881126,0.37281218,0.46330714,0.30730394,0.3837395,0.45525017,0.37627664,0.5109878,0.5242747,0.3914578,0.4314723,0.37899885,0.5374859,0.5286146,0.49609107,0.45298502,0.5753244,0.56316805,1.0000001,0.524079,0.641672,0.5908008,0.5364675,0.45580208,0.46925914,0.3137783,0.3392681,0.41527873,0.42487165,0.3412166,0.3850173,0.3442424,0.5363966,0.4342228,0.51571417,0.560789,0.5571258,0.53383553,0.5049019,0.54278433,0.6353488,0.4999668,0.41873032,0.3208543,0.4533761,0.33555105,0.4040079,0.31624648,0.44158956,0.31100082,0.45237884,0.40614602,0.41397157,0.4160221,0.24787284,0.28104353,0.3879435,0.31392577,0.30244577,0.294701,0.31674686,0.23641458,0.40728194,0.33797216,0.37673128,0.39704946,0.30753556,0.35021383,0.33853242,0.40410513,0.36125946,0.35547915,0.48676294,0.39282292,0.4317075,0.5038396,0.35856354,0.32561442,0.4246726,0.39412114,0.3980261,0.44385204
0.36646685,0.32682016,0.371458,0.33079854,0.3410737,0.39774713,0.34979203,0.33418965,0.3486839,0.36481422,0.35673314,0.33418196,0.2887709,0.3848055,0.46566775,0.36646208,0.41639474,0.59152156,0.31647214,0.3683314,0.56538814,0.41163298,0.60155874,0.43659034,0.50275886,0.60670775,0.524079,1.0,0.49773553,0.5028481,0.49774772,0.44607288,0.32917595,0.62857866,0.38291937,0.43065253,0.42748713,0.3638783,0.3561102,0.30847865,0.4085481,0.3601461,0.41189218,0.45396596,0.50873166,0.3971257,0.48556462,0.48546654,0.43588036,0.40271956,0.42192888,0.47929594,0.46861038,0.31731617,0.2366364,0.43764034,0.3182551,0.28293306,0.24985011,0.27051848,0.37170488,0.37565798,0.26217717,0.31579375,0.37233323,0.23384964,0.28269938,0.2351477,0.34208032,0.1532012,0.37781736,0.1742548,0.25100258,0.34702167,0.20984201,0.20623213,0.18845245,0.3750325,0.2234796,0.19326413,0.29800344,0.32781708,0.32131395,0.40128422,0.21460952,0.2504482,0.3582341,0.24980883,0.29836372,0.36989853
0.4094001,0.37548035,0.5040693,0.5027457,0.44481844,0.5320512,0.43473625,0.43979433,0.45768484,0.41351154,0.53847593,0.384858,0.41380775,0.40219915,0.5271305,0.468797,0.6700729,0.49658436,0.4000439,0.3716509,0.7136014,0.5717962,0.5458545,0.56836057,0.6934797,0.7274137,0.641672,0.49773553,1.0,0.6294501,0.6248082,0.5421079,0.4554024,0.32445437,0.39010277,0.5692144,0.5782331,0.43732607,0.4112539,0.39932588,0.5653338,0.37800056,0.48430374,0.6244392,0.5729935,0.5334282,0.56272244,0.6162002,0.5399283,0.43908426,0.45529974,0.39654693,0.47363964,0.39874294,0.38156572,0.39587098,0.46679044,0.3229692,0.38027087,0.33568296,0.5084472,0.43818668,0.41206703,0.4554053,0.5199788,0.4598189,0.45106155,0.397447,0.43648228,0.2690023,0.40532154,0.24375695,0.28049296,0.45771924,0.2818115,0.38786307,0.23463283,0.30076075,0.2717943,0.2621106,0.4571643,0.45770282,0.45106798,0.46921897,0.41975856,0.44663796,0.43095568,0.4330586,0.4367754,0.4679728
0.34511778,0.24018897,0.30379456,0.33976936,0.54484034,0.43410102,0.45770335,0.38503388,0.38991046,0.33575046,0.5312261,0.5787735,0.43922812,0.385668,0.6328821,0.4577272,0.6638637,0.44532055,0.34806243,0.37771022,0.5812278,0.5750885,0.6189312,0.5310765,0.6228259,0.6381997,0.5908008,0.5028481,0.6294501,1.0000002,0.6606745,0.6380773,0.48767042,0.39392862,0.5222596,0.54051715,0.56670856,0.5267091,0.44581097,0.47206718,0.56834507,0.49878916,0.50042707,0.5544712,0.55424416,0.48046875,0.51332617,0.5531467,0.5193334,0.56218433,0.3751143,0.36936525,0.46069878,0.38717037,0.378772,0.34948152,0.31523556,0.34668317,0.4467511,0.32898402,0.4970384,0.4312899,0.3509883,0.355244,0.4280843,0.30351546,0.4199327,0.24285673,0.4111241,0.27442935,0.3627446,0.22544612,0.38875765,0.36821508,0.37578166,0.31087902,0.268282,0.31290188,0.3020675,0.34068388,0.43446922,0.31831974,0.4186678,0.38270822,0.32410088,0.3304713,0.4246025,0.3895873,0.50322425,0.36862952
0.3385067,0.26848236,0.3493721,0.3559484,0.53591835,0.40616804,0.40105176,0.42965212,0.3831496,0.32290402,0.5649285,0.4828163,0.45798942,0.3552451,0.6121715,0.44331226,0.6720333,0.42662558,0.32824817,0.3585321,0.5521473,0.4259418,0.53648376,0.4959855,0.5699401,0.63684386,0.5364675,0.49774772,0.6248082,0.6606745,0.99999976,0.77679217,0.4548472,0.44833314,0.68599766,0.7832497,0.6308139,0.575855,0.4904125,0.5354837,0.562771,0.5487443,0.44965324,0.5384842,0.55606157,0.45085803,0.5421737,0.5079702,0.49786457,0.6201981,0.437798,0.39202344,0.50736135,0.4366918,0.35096443,0.41536772,0.3826916,0.3627397,0.3969868,0.30754223,0.523677,0.51450163,0.42040816,0.41163316,0.4628384,0.35455588,0.5193626,0.2944932,0.4774917,0.3084031,0.36858362,0.18624805,0.32021698,0.37660763,0.3024075,0.2988789,0.24919823,0.2752148,0.2744598,0.25942978,0.48488036,0.4168303,0.52129656,0.44795993,0.34170687,0.39900887,0.51070434,0.41330847,0.49411476,0.4802794
0.26248977,0.27148375,0.26367053,0.29618233,0.5428568,0.38099888,0.39328676,0.39920348,0.36031714,0.26895154,0.54168224,0.5234879,0.38497627,0.31580418,0.6126624,0.36613804,0.69762963,0.40910202,0.31647432,0.35918066,0.4868427,0.4411562,0.49656916,0.4986993,0.53728807,0.5401337,0.45580208,0.44607288,0.5421079,0.6380773,0.77679217,1.0000004,0.44922295,0.45236617,0.6375426,0.68732196,0.59934515,0.55239093,0.59982216,0.4728004,0.52376926,0.5590139,0.4279791,0.4943737,0.5276749,0.42874846,0.51301235,0.49491,0.45940852,0.6052477,0.37792307,0.37408373,0.4586153,0.3462549,0.2943221,0.36006132,0.33340758,0.315747,0.315908,0.27948844,0.5128857,0.41746703,0.36709332,0.35243255,0.39282647,0.3161871,0.4672848,0.30765736,0.4232058,0.29946107,0.2882205,0.13129306,0.34483394,0.3225122,0.27077252,0.24282217,0.23634934,0.25377303,0.2224176,0.19770032,0.41230837,0.3509699,0.45583785,0.38816932,0.31902266,0.32147247,0.4315937,0.34751013,0.435352,0.43036538
0.22837758,0.22128524,0.27524814,0.28046486,0.38983497,0.26562893,0.2420937,0.24526845,0.24229044,0.17673942,0.3642074,0.39525187,0.30096543,0.36149767,0.5122147,0.3269082,0.46572378,0.37712532,0.3699809,0.4266874,0.40898737,0.36622974,0.5059848,0.42521447,0.3783009,0.45329022,0.46925914,0.32917595,0.4554024,0.48767042,0.4548472,0.44922295,1.0000001,0.30464026,0.26349333,0.42824534,0.6713927,0.6063106,0.42402074,0.39921087,0.40259054,0.3303198,0.2830217,0.4144077,0.34695375,0.2981281,0.32626083,0.35400218,0.33158535,0.3922447,0.33518758,0.25018117,0.40992743,0.25414085,0.3254218,0.21877338,0.30065045,0.2306332,0.31079632,0.33986166,0.34853604,0.2907672,0.22120775,0.33780965,0.3528667,0.21983406,0.2613478,0.3240736,0.24930337,0.14663522,0.28843838,0.27540213,0.36599672,0.39502928,0.2899371,0.24578404,0.24179448,0.32779083,0.24480583,0.18420601,0.283957,0.29024157,0.28056213,0.28906927,0.21064544,0.23303977,0.27213657,0.27629098,0.25515372,0.3807425
0.19734833,0.16739398,0.3659101,0.18101372,0.3539479,0.24894643,0.2434537,0.2102292,0.25288966,0.21213822,0.26230082,0.24387155,0.16598764,0.25470984,0.36811042,0.2028932,0.34518796,0.4540628,0.16650167,0.17828156,0.38755095,0.28294504,0.48294774,0.3559275,0.3849301,0.32865456,0.3137783,0.62857866,0.32445437,0.39392862,0.44833314,0.45236617,0.30464026,1.0,0.47633338,0.40417993,0.32851788,0.43212882,0.5279019,0.4330643,0.34338152,0.48181507,0.3726796,0.38131154,0.36246824,0.29849425,0.3600925,0.392943,0.35384315,0.47961953,0.30774945,0.41066605,0.33677962,0.21385731,0.1459958,0.2975482,0.21053647,0.22007734,0.22497484,0.17867501,0.2983971,0.30585653,0.253856,0.20288612,0.2824474,0.16203475,0.30707422,0.23708272,0.3081612,0.19219826,0.37467113,0.12614189,0.30161887,0.26907426,0.18157654,0.16378343,0.17697442,0.27897316,0.2250015,0.15986845,0.25666982,0.22091663,0.33066893,0.2765532,0.15471342,0.17612422,0.2927162,0.26331916,0.316864,0.28254697
0.26768374,0.28372648,0.19356588,0.2041078,0.4779582,0.32280147,0.37401605,0.35080692,0.40324745,0.26750013,0.36888504,0.36250982,0.24295981,0.37501505,0.45690462,0.2562423,0.48716486,0.28956652,0.3196836,0.27667084,0.3905383,0.34850723,0.51154846,0.42307147,0.65488863,0.47737765,0.3392681,0.38291937,0.39010277,0.5222596,0.68599766,0.6375426,0.26349333,0.47633338,1.0000001,0.6973431,0.35251555,0.6150331,0.37926698,0.55722845,0.45421222,0.51800597,0.40894374,0.4155953,0.4593898,0.36598542,0.44879583,0.3953934,0.4250239,0.5759534,0.2678999,0.2307092,0.32190737,0.23554061,0.17919879,0.23096427,0.16870397,0.23365584,0.22998227,0.2063658,0.30609465,0.30397463,0.28452104,0.2694607,0.27876565,0.18364978,0.3785604,0.16186099,0.27188563,0.2262557,0.18923213,0.09536355,0.2799497,0.19564053,0.22425073,0.21369454,0.16757138,0.2042102,0.18875311,0.110543594,0.33903852,0.2722152,0.32998735,0.3377702,0.21165319,0.24369334,0.34235632,0.23280378,0.36261,0.30278853
0.31408957,0.26312476,0.25676164,0.38179332,0.5221288,0.3729772,0.3904593,0.37040004,0.29776898,0.26670974,0.5850137,0.4155669,0.39775345,0.32785383,0.51216424,0.37092078,0.6556518,0.32632372,0.33325514,0.37220103,0.4743765,0.49596283,0.5101502,0.42774507,0.48426184,0.57494926,0.41527873,0.43065253,0.5692144,0.54051715,0.7832497,0.68732196,0.42824534,0.40417993,0.6973431,1.0000001,0.6159985,0.54117763,0.43539882,0.5428766,0.4804394,0.46783125,0.3938768,0.47019097,0.47913867,0.3651855,0.478291,0.47994614,0.4240467,0.5360747,0.34048474,0.2725953,0.4336033,0.31315273,0.30530268,0.33626842,0.33233526,0.2802702,0.35372663,0.2787789,0.42136148,0.3878411,0.37553996,0.40683356,0.37380323,0.27927396,0.48112506,0.3932208,0.36956805,0.25148886,0.28546554,0.15558156,0.32913464,0.3937242,0.29321566,0.28497013,0.23758674,0.28476587,0.26517928,0.21686222,0.3921804,0.35332572,0.43079126,0.3999844,0.27582547,0.31871426,0.41404027,0.30228734,0.39536044,0.395143
0.17329524,0.17853156,0.24294752,0.35399097,0.35710695,0.33061016,0.29965365,0.2828499,0.26304692,0.25088435,0.5596496,0.59176505,0.4429961,0.26496354,0.60777414,0.3267098,0.6075256,0.4121007,0.28561556,0.38267207,0.46230006,0.466765,0.48128957,0.4776105,0.42591202,0.52507764,0.42487165,0.42748713,0.5782331,0.56670856,0.6308139,0.59934515,0.6713927,0.32851788,0.35251555,0.6159985,1.0,0.6525729,0.43134588,0.35858443,0.48586994,0.4260917,0.31823882,0.45688188,0.4304618,0.3810942,0.4587782,0.48949718,0.34329724,0.4812007,0.36429256,0.37786996,0.42307755,0.37061617,0.38692912,0.39332768,0.36652672,0.36300826,0.3300808,0.2666932,0.4608804,0.36456707,0.31451994,0.44507623,0.47290954,0.37378347,0.38343468,0.3426809,0.35484874,0.18807329,0.28846118,0.16924785,0.24387094,0.3808637,0.25705263,0.2670894,0.17196609,0.20480832,0.21931463,0.16136011,0.33396658,0.33836073,0.38072526,0.31149194,0.24447428,0.347982,0.3664047,0.34930348,0.35014495,0.35420904
0.19721037,0.2622117,0.2507274,0.25971636,0.38942155,0.37002736,0.38216162,0.36703587,0.41347545,0.24569166,0.35267267,0.5376969,0.35093185,0.45540255,0.6260561,0.33962223,0.47122598,0.43856823,0.43367532,0.38923976,0.38784936,0.35363436,0.553024,0.49454153,0.6087631,0.45347184,0.3412166,0.3638783,0.43732607,0.5267091,0.575855,0.55239093,0.6063106,0.43212882,0.6150331,0.54117763,0.6525729,1.0,0.49028575,0.4305373,0.5579102,0.5625592,0.46577278,0.5181268,0.51156265,0.4558647,0.5260151,0.49832165,0.44389868,0.5906571,0.3915113,0.3693602,0.46950376,0.3971862,0.36559963,0.3865831,0.31201407,0.39708593,0.3147101,0.37088397,0.45585525,0.42253715,0.34184852,0.38107395,0.47420833,0.33501226,0.431972,0.26778105,0.38162962,0.29709932,0.2628376,0.19929658,0.37608826,0.2960336,0.330682,0.29085633,0.2289827,0.26517174,0.24705318,0.12630264,0.39645213,0.3774507,0.3977187,0.35918,0.3590586,0.36120167,0.4066438,0.38692176,0.41258502,0.4209417
0.18431544,0.22587378,0.30952314,0.27433497,0.5981713,0.32681793,0.29021767,0.2650736,0.23764242,0.18483514,0.40624887,0.37605545,0.28756112,0.24941337,0.4289129,0.22167484,0.4818405,0.34256652,0.24489333,0.22030292,0.37079966,0.42803618,0.4618363,0.33158213,0.3669544,0.38379267,0.3850173,0.3561102,0.4112539,0.44581097,0.4904125,0.59982216,0.42402074,0.5279019,0.37926698,0.43539882,0.43134588,0.49028575,1.0000001,0.37411207,0.3896772,0.4572654,0.36225146,0.4481648,0.36619583,0.33322194,0.37569726,0.40243664,0.34828347,0.48073667,0.43491298,0.31949565,0.40806112,0.30103523,0.35472992,0.2587373,0.39958686,0.30748224,0.23785093,0.5151661,0.4504425,0.363598,0.3998986,0.33296087,0.37628514,0.288828,0.40585807,0.46556965,0.3440581,0.4328157,0.32009667,0.28321508,0.3800826,0.343849,0.23337889,0.25474977,0.23181339,0.34116244,0.20812966,0.21258318,0.2986915,0.50956863,0.42432237,0.32422772,0.24998793,0.3855936,0.48587003,0.3077211,0.35020483,0.5952878
0.32174972,0.26933333,0.24611838,0.27957088,0.5805562,0.29253843,0.37468672,0.34212247,0.26511908,0.27061403,0.3175888,0.21563593,0.26780954,0.33744243,0.36660263,0.32135478,0.39313558,0.24885255,0.2798484,0.2589476,0.47069067,0.36296967,0.50854117,0.37411457,0.44358858,0.468867,0.3442424,0.30847865,0.39932588,0.47206718,0.5354837,0.4728004,0.39921087,0.4330643,0.55722845,0.5428766,0.35858443,0.4305373,0.37411207,0.99999994,0.41706946,0.41384622,0.4522177,0.41963038,0.40089023,0.3065615,0.3586808,0.35150504,0.38555774,0.47213256,0.29839456,0.22412005,0.32205686,0.26933247,0.2488436,0.24881081,0.13811174,0.20690769,0.23444627,0.23219301,0.28446797,0.35369462,0.29420733,0.21914768,0.2714537,0.19882213,0.40759993,0.2896376,0.31829977,0.33517027,0.23015453,0.27339458,0.37129503,0.25028652,0.28431892,0.2508208,0.24000871,0.29008758,0.28024042,0.24041492,0.28562704,0.24990313,0.3240219,0.23392439,0.25875378,0.23553336,0.28732124,0.3376141,0.31924155,0.31304243
0.40073028,0.4262374,0.33996794,0.4025659,0.40002662,0.6121786,0.57428676,0.51937866,0.5371767,0.4401644,0.41897047,0.52821535,0.49244055,0.568815,0.5189329,0.55512166,0.5246252,0.53334534,0.57218605,0.43222815,0.48021376,0.46575832,0.49865282,0.45450905,0.6507296,0.5565367,0.5363966,0.4085481,0.5653338,0.56834507,0.562771,0.52376926,0.40259054,0.34338152,0.45421222,0.4804394,0.48586994,0.5579102,0.3896772,0.41706946,1.0,0.74119425,0.7713707,0.8142945,0.9242481,0.9227772,0.8286112,0.8314966,0.8970539,0.77880406,0.5095236,0.40851164,0.539251,0.5099294,0.44838652,0.48631433,0.4754414,0.41878018,0.4596283,0.434781,0.58773655,0.5137208,0.42800465,0.42972535,0.5415351,0.5161067,0.5407499,0.3476665,0.48879337,0.33746603,0.37646118,0.33688554,0.47779524,0.46309513,0.44727266,0.5027175,0.43073702,0.3862686,0.40847987,0.3318513,0.5282484,0.46331966,0.5545427,0.43733865,0.5532463,0.43425757,0.5524666,0.51910603,0.5213056,0.47368494
