0,1,2,3,4,5,6,7,8,9,10,11,12,13,14,15,16,17,18,19,20,21,22,23,24,25,26,27,28,29,30,31,32,33,34,35,36,37,38,39,40,41,42,43,44,45,46,47,48,49,50,51,52,53,54,55,56,57,58,59,60,61,62,63,64,65,66,67,68,69,70,71,72,73,74,75,76,77,78,79
1.0000001,0.6120759,0.35441315,0.5810106,0.36276802,0.35056192,0.65331584,0.80527395,0.68855083,0.3983749,0.46099448,0.23649663,0.6238472,0.37133086,0.38309938,0.51876867,0.34642318,0.3801478,0.28842756,0.32337204,0.49059492,0.5073481,0.51780194,0.5216864,0.50143087,0.62655914,0.4727204,0.44285765,0.5395628,0.5024882,0.32051203,0.29100654,0.35596,0.439954,0.3205659,0.28753617,0.10671521,0.25449038,0.3990893,0.16135196,0.370614,0.44955152,0.52005863,0.423284,0.46062934,0.30799848,0.43520382,0.43946677,0.32694164,0.47444853,0.3280177,0.37812886,0.18249647,0.39888528,0.36157244,0.19474916,0.18136992,0.37180892,0.3236866,0.4075214,0.31776682,0.37755767,0.21870849,0.2389393,0.35339978,0.38802716,0.26258284,0.26056123,0.3572231,0.28567985,0.2891255,0.40049684,0.23610659,0.46236718,0.29727364,0.2749304,0.3232572,0.36695144,0.3992918,0.4385109
0.6120759,1.0000002,0.38159177,0.41299018,0.47131056,0.435051,0.45714054,0.540044,0.43219113,0.5652114,0.38313422,0.37229788,0.57099104,0.48041898,0.5391922,0.41970554,0.41806486,0.39325228,0.4294029,0.40740097,0.5264817,0.6009503,0.5982515,0.6228768,0.5733201,0.59826434,0.6112022,0.60596484,0.52148026,0.573207,0.2100055,0.18277563,0.22810873,0.23889253,0.24565582,0.21984768,0.097690314,0.33006427,0.28576612,0.23463516,0.41191554,0.60118073,0.42251134,0.5790308,0.47945112,0.36672217,0.5191189,0.4921709,0.424326,0.42487404,0.33415407,0.3543568,0.22090153,0.45946646,0.29054233,0.3761322,0.2131962,0.31734538,0.41692078,0.47277513,0.38115916,0.3942474,0.28236988,0.37275,0.42089564,0.39533517,0.31662008,0.33031294,0.40600476,0.3261234,0.38789907,0.3998293,0.3014231,0.43106425,0.2640008,0.3371261,0.41143802,0.33477172,0.41700047,0.47120196
0.35441315,0.38159177,1.0,0.53757817,0.5748792,0.64967275,0.18523522,0.21153706,0.27866614,0.7082848,0.14021374,0.36376482,0.3231112,0.379619,0.33050394,0.17315254,0.47999322,0.5520626,0.42055833,0.4113232,0.17207618,0.18370825,0.2474512,0.21167307,0.21313477,0.2404627,0.19213319,0.23295885,0.20763879,0.2344661,0.2777225,0.20836645,0.31100842,0.28912565,0.34209132,0.2941584,0.33649936,0.4206676,0.37474328,0.39443856,0.32103834,0.42142507,0.51100177,0.45301706,0.43580735,0.3853698,0.46088633,0.33107692,0.32171237,0.5185913,0.3116656,0.37871677,0.2854495,0.34109357,0.38220477,0.34241265,0.3547177,0.32172006,0.3707356,0.41333386,0.580364,0.45342314,0.569922,0.39278248,0.58734924,0.4243385,0.4692301,0.5588681,0.43788603,0.47611117,0.41880828,0.4760752,0.40298262,0.5653603,0.4159765,0.4308255,0.4035623,0.500796,0.37787464,0.40783882
0.5810106,0.41299018,0.53757817,1.0000001,0.5006587,0.53689224,0.56485426,0.51301616,0.5568254,0.5786036,0.31186163,0.3093014,0.18735911,0.46771294,0.3474229,0.4056328,0.4758594,0.45582703,0.48244452,0.42615768,0.18568611,0.22161257,0.22818238,0.24427459,0.2148534,0.32383412,0.18809688,0.22375718,0.18265802,0.22156267,0.16908887,0.13585736,0.17393373,0.24137348,0.2019986,0.18638684,0.1395973,0.2956563,0.29154015,0.2554705,0.2824418,0.37321383,0.3673931,0.3459167,0.2951086,0.26167268,0.39608803,0.29759663,0.22927547,0.37768283,0.23638162,0.28184596,0.17007805,0.2357766,0.22074057,0.22987095,0.22091804,0.21227574,0.2711072,0.2598042,0.4746895,0.5659479,0.54604423,0.38561493,0.47971275,0.43412134,0.40928215,0.49364245,0.5697903,0.42049444,0.29397532,0.430704,0.34802496,0.56701475,0.41322625,0.32384148,0.39718828,0.3421652,0.41429195,0.43842188
0.36276802,0.47131056,0.5748792,0.5006587,1.0,0.6164945,0.25651407,0.25511733,0.35295275,0.5845509,0.16576427,0.6596775,0.275263,0.43080854,0.41028312,0.2249622,0.37202,0.32271406,0.34280756,0.3013358,0.21986549,0.2861787,0.32555863,0.28348127,0.28469497,0.2521247,0.24952348,0.3185964,0.21688916,0.25519007,0.29843068,0.23017167,0.2902001,0.3063266,0.24744552,0.2969599,0.36130196,0.5391535,0.33203018,0.5237971,0.28121814,0.48539278,0.449636,0.48333156,0.38450953,0.2812728,0.3550244,0.32706505,0.28264487,0.41747805,0.31060833,0.36933357,0.28810847,0.31457883,0.35380512,0.62256485,0.40314782,0.3470823,0.372457,0.42981675,0.4176181,0.48501882,0.37192866,0.30082643,0.47145048,0.32536787,0.3009954,0.42129946,0.51705545,0.29603773,0.31460118,0.3509264,0.31006518,0.45749614,0.3084687,0.2980162,0.3701971,0.30328974,0.3856431,0.39875084
0.35056192,0.435051,0.64967275,0.53689224,0.6164945,1.0000001,0.20061983,0.26851508,0.29453722,0.7491073,0.15858664,0.50658745,0.27780253,0.43043038,0.35435826,0.1376327,0.45412824,0.41456306,0.39228344,0.39340028,0.19165051,0.24326305,0.29600847,0.2583273,0.27406812,0.2505297,0.2590369,0.28882733,0.23391935,0.25431252,0.29077289,0.21219367,0.2944648,0.30520314,0.29832244,0.2879227,0.33194184,0.49998337,0.3623101,0.47110602,0.30851367,0.4627179,0.44799307,0.46662247,0.40048128,0.33704367,0.46924147,0.37555206,0.34265855,0.5035756,0.3474017,0.39195782,0.2671379,0.3735893,0.39102083,0.43038926,0.38450924,0.37963024,0.40056616,0.38691825,0.589091,0.50080377,0.5021653,0.39835575,0.61838114,0.4974493,0.45599657,0.49862158,0.48342958,0.44943988,0.35169026,0.46122363,0.40902618,0.52192897,0.34595996,0.36047578,0.4725694,0.3888969,0.4170565,0.45926377
0.65331584,0.45714054,0.18523522,0.56485426,0.25651407,0.20061983,1.0000002,0.6531359,0.70705616,0.22685182,0.51279855,0.14635675,0.32199854,0.31612408,0.38779917,0.7051069,0.27137476,0.37215295,0.25995946,0.29615408,0.40183046,0.38543808,0.38607663,0.42594647,0.36525425,0.51280105,0.35598272,0.32112622,0.34237477,0.37367603,0.2503382,0.22615732,0.24352638,0.3564502,0.30965036,0.23475966,0.033486597,0.22524615,0.34331694,0.1351548,0.3215736,0.32193726,0.28884774,0.26976416,0.24216813,0.22966516,0.31955382,0.33854747,0.22702022,0.26599577,0.23385695,0.3015205,0.090889126,0.31294808,0.25844282,0.14384043,0.119188204,0.2678495,0.31074458,0.38329008,0.16417696,0.3139557,0.116958246,0.18618408,0.25072676,0.248075,0.17264016,0.21593323,0.298395,0.23038886,0.23243839,0.29015177,0.18438996,0.30930164,0.1720571,0.16904627,0.2063467,0.22933197,0.28749302,0.31838506
0.80527395,0.540044,0.21153706,0.51301616,0.25511733,0.26851508,0.6531359,1.0000002,0.63759,0.26160958,0.570873,0.21423563,0.5563633,0.30189264,0.37217355,0.6089229,0.2862542,0.38911736,0.2590574,0.3312682,0.43783778,0.43233687,0.43671972,0.4497787,0.47312766,0.54773444,0.3886594,0.38270646,0.4251148,0.43799624,0.2885123,0.29497087,0.30619267,0.3751061,0.31023836,0.2581404,0.07236424,0.21567649,0.34394598,0.11331577,0.35137513,0.380243,0.36217815,0.3586652,0.34915203,0.28357288,0.34604728,0.3889196,0.2936961,0.3225304,0.29352236,0.3625726,0.16150019,0.38337567,0.30427048,0.23633419,0.18390393,0.3367207,0.32829416,0.37705097,0.22982955,0.33580795,0.16010182,0.27741176,0.298312,0.32953253,0.23148827,0.27642822,0.26777604,0.26183224,0.2833857,0.33544105,0.22140545,0.3447445,0.21743225,0.24686354,0.2728783,0.3311259,0.38092503,0.39151078
0.68855083,0.43219113,0.27866614,0.5568254,0.35295275,0.29453722,0.70705616,0.63759,1.0,0.30052042,0.45217115,0.23971316,0.42931968,0.341062,0.39717826,0.6804108,0.27903813,0.41437015,0.2736467,0.34403005,0.427193,0.40804505,0.42622772,0.42564693,0.39055863,0.47859353,0.36918432,0.35542357,0.46748152,0.40317264,0.33216,0.31759834,0.37432182,0.41058293,0.2943716,0.27280727,0.09035657,0.26379368,0.382118,0.1907815,0.34758362,0.4035851,0.48753327,0.36609024,0.39766666,0.2792498,0.3846971,0.3878916,0.30271405,0.36960715,0.24046102,0.29889983,0.15847518,0.2812569,0.33447272,0.20819256,0.16072525,0.34395662,0.2767917,0.3652119,0.20824148,0.3124628,0.14094366,0.19695804,0.28413787,0.24266262,0.24757984,0.24352121,0.27176213,0.2886126,0.26226082,0.34540343,0.22934178,0.3210486,0.2865231,0.28054222,0.24663663,0.33806816,0.34754518,0.33123806
0.3983749,0.5652114,0.7082848,0.5786036,0.5845509,0.7491073,0.22685182,0.26160958,0.30052042,1.0000001,0.15667783,0.4907705,0.3975984,0.45687744,0.3871956,0.16041534,0.55437493,0.475898,0.44869646,0.43546647,0.27393204,0.32843637,0.38940805,0.35460648,0.35517344,0.32553646,0.35226756,0.37875265,0.3293127,0.34655362,0.230396,0.12503058,0.23646414,0.1936333,0.25988215,0.23643616,0.2762157,0.4631861,0.29749405,0.4071992,0.33679682,0.5349776,0.50032294,0.56148016,0.47011343,0.34796187,0.5392459,0.39198148,0.33981037,0.5174836,0.26067922,0.2895857,0.22340457,0.36729544,0.27232704,0.35117975,0.28434762,0.26642027,0.33672872,0.35693297,0.7080004,0.5122575,0.6121344,0.41206124,0.64157283,0.55347383,0.5286853,0.53794086,0.56544006,0.473383,0.4212633,0.45724577,0.441003,0.5442411,0.3341709,0.40998778,0.54959375,0.4085891,0.4435981,0.4363674
0.46099448,0.38313422,0.14021374,0.31186163,0.16576427,0.15858664,0.51279855,0.570873,0.45217115,0.15667783,1.0000004,0.1278631,0.34928393,0.20412125,0.5065842,0.56961733,0.11933933,0.17305915,0.14605108,0.20681828,0.40363196,0.36332077,0.36577448,0.37110007,0.37941298,0.45199853,0.42469588,0.40838793,0.31737804,0.36576045,0.36329228,0.25065747,0.2638604,0.40285575,0.34574112,0.24711932,0.06410624,0.16694857,0.32133546,0.095467016,0.281616,0.33162183,0.24626443,0.29578108,0.2774568,0.24762318,0.22849384,0.3505494,0.26705214,0.23404552,0.28686732,0.30124485,0.14048408,0.40317917,0.27263805,0.21610264,0.15048948,0.4164107,0.4278934,0.38801745,0.16656984,0.21356836,0.12695792,0.25849086,0.18686928,0.26911166,0.21666016,0.13756666,0.2005282,0.20750353,0.12721822,0.16864257,0.067001015,0.21379673,0.116248816,0.15292598,0.16744654,0.1530568,0.21310928,0.240656
0.23649663,0.37229788,0.36376482,0.3093014,0.6596775,0.50658745,0.14635675,0.21423563,0.23971316,0.4907705,0.1278631,0.99999994,0.40935278,0.3508138,0.44518703,0.16192481,0.46540654,0.2902792,0.24845862,0.21388093,0.19771604,0.25569582,0.3091201,0.285514,0.29541725,0.20766929,0.23435211,0.3380267,0.22887139,0.22171882,0.25019127,0.18044074,0.25859314,0.22104031,0.20469745,0.22024289,0.30037454,0.51682174,0.27095637,0.5295551,0.2577912,0.4702939,0.31949922,0.45412928,0.29039365,0.25414905,0.34898984,0.27027208,0.25663012,0.30076402,0.24935775,0.32758453,0.22070007,0.39257532,0.30125022,0.58194953,0.33414078,0.31344935,0.33950415,0.332752,0.47883648,0.4135569,0.36858073,0.22361824,0.41563275,0.34693855,0.33070505,0.31096354,0.49264768,0.21365693,0.28970373,0.21794242,0.26845977,0.32693446,0.17285693,0.17535332,0.49406245,0.20733233,0.33281893,0.34153843
0.6238472,0.57099104,0.3231112,0.18735911,0.275263,0.27780253,0.32199854,0.5563633,0.42931968,0.3975984,0.34928393,0.40935278,1.0,0.24514405,0.37816462,0.35744524,0.4729997,0.3112703,0.28711295,0.33465388,0.43702537,0.44867787,0.48335627,0.48213795,0.5013908,0.45070457,0.42535117,0.43147042,0.57363266,0.46600166,0.4431329,0.37230247,0.4716314,0.40248978,0.38062134,0.37198576,0.25445828,0.304063,0.39276084,0.249565,0.35592833,0.4728357,0.5751704,0.4847809,0.54589736,0.33438218,0.4336379,0.4017743,0.35438344,0.45522702,0.34802905,0.40693423,0.22041124,0.5253656,0.44154665,0.23739491,0.22496584,0.44121265,0.37125304,0.46675527,0.43614545,0.24956238,0.30141717,0.28498563,0.3785451,0.34004456,0.3545626,0.30527964,0.30385464,0.30207774,0.30645093,0.33712018,0.22469887,0.31690678,0.24035776,0.32352325,0.3782522,0.42174798,0.35195845,0.33017808
0.37133086,0.48041898,0.379619,0.46771294,0.43080854,0.43043038,0.31612408,0.30189264,0.341062,0.45687744,0.20412125,0.3508138,0.24514405,1.0,0.5115082,0.3067075,0.7207302,0.3501026,0.7950933,0.69268656,0.18292564,0.28174403,0.28634268,0.33850083,0.2583616,0.2769218,0.26344168,0.26627848,0.22927402,0.24436814,0.14307897,0.048183374,0.16144371,0.13879187,0.11894963,0.1171882,0.1261578,0.3707472,0.22927943,0.29399577,0.28776577,0.44139495,0.29406536,0.41133583,0.2261536,0.21789762,0.36361027,0.41791138,0.25099522,0.33556372,0.17201692,0.21361098,0.1467177,0.2558425,0.19647735,0.29225045,0.18683477,0.20081723,0.29124886,0.29048407,0.43593448,0.5379237,0.4013182,0.31769833,0.42841816,0.4064903,0.3077374,0.38700253,0.53682226,0.30770114,0.53900325,0.6248832,0.53418297,0.7017513,0.47992584,0.47391167,0.62326276,0.5041106,0.6576714,0.6992248
0.38309938,0.5391922,0.33050394,0.3474229,0.41028312,0.35435826,0.38779917,0.37217355,0.39717826,0.3871956,0.5065842,0.44518703,0.37816462,0.5115082,1.0000001,0.4286829,0.36930895,0.21836038,0.39570805,0.3373584,0.3501125,0.41088995,0.4294982,0.43701133,0.4294957,0.41783628,0.43108767,0.4811681,0.31614882,0.39651287,0.26996067,0.19333479,0.2683061,0.3092722,0.3016129,0.23792948,0.11095835,0.33460012,0.33885056,0.289437,0.47060782,0.61171067,0.44805974,0.59382653,0.40922195,0.43619695,0.51410604,0.51258737,0.4085182,0.4645871,0.3015267,0.3269877,0.18552405,0.41691113,0.29907462,0.35822013,0.19670095,0.36123303,0.46007207,0.48413727,0.34014535,0.45913655,0.34917992,0.35691124,0.35406128,0.3585711,0.2531458,0.29990992,0.48144153,0.22951224,0.2787796,0.29200885,0.25310543,0.40968713,0.22890213,0.219703,0.40386397,0.2322321,0.34953472,0.35545704
0.51876867,0.41970554,0.17315254,0.4056328,0.2249622,0.1376327,0.7051069,0.6089229,0.6804108,0.16041534,0.56961733,0.16192481,0.35744524,0.3067075,0.4286829,1.0,0.2668542,0.3177422,0.2736393,0.2896825,0.46254036,0.4169699,0.3958118,0.44318822,0.3914744,0.49410245,0.3903225,0.36296353,0.3651402,0.43296897,0.23968454,0.2271234,0.26661962,0.339141,0.3004083,0.26725343,0.025414672,0.17140403,0.3258733,0.09579896,0.40930408,0.3488566,0.27959526,0.30704853,0.29134834,0.29232126,0.35355213,0.31718117,0.3250337,0.26473314,0.24525847,0.22202341,0.122562975,0.3225313,0.22620511,0.20706174,0.13093933,0.25857404,0.32159257,0.36568922,0.13568448,0.28893864,0.13690078,0.2448795,0.19346009,0.24664867,0.15263364,0.21130721,0.26376432,0.18925393,0.22379893,0.23013453,0.1755479,0.24686407,0.14898841,0.15844327,0.21089628,0.232363,0.24677971,0.25083253
0.34642318,0.41806486,0.47999322,0.4758594,0.37202,0.45412824,0.27137476,0.2862542,0.27903813,0.55437493,0.11933933,0.46540654,0.4729997,0.7207302,0.36930895,0.2668542,1.0,0.3954375,0.7828563,0.71989024,0.15911275,0.20373948,0.22358745,0.27172384,0.22613993,0.20372587,0.18307935,0.20536786,0.21358317,0.20353831,0.20898116,0.13415061,0.2493707,0.18576646,0.21911494,0.21148016,0.30796573,0.44625986,0.2846526,0.42667922,0.3357532,0.42794833,0.3982635,0.43335587,0.29028994,0.28794327,0.46190786,0.365672,0.27105066,0.40530527,0.22409703,0.29838955,0.2452152,0.34446317,0.27937472,0.23485616,0.28960973,0.22699255,0.31746176,0.28495863,0.61937416,0.46473765,0.5672811,0.3369617,0.54448825,0.46212685,0.46677756,0.46130213,0.52492255,0.42320576,0.5746942,0.63355553,0.6333159,0.66539353,0.48725733,0.55484754,0.7251737,0.5913445,0.5867853,0.5983833
0.3801478,0.39325228,0.5520626,0.45582703,0.32271406,0.41456306,0.37215295,0.38911736,0.41437015,0.475898,0.17305915,0.2902792,0.3112703,0.3501026,0.21836038,0.3177422,0.3954375,1.0,0.363782,0.41136009,0.27979505,0.28402922,0.34459004,0.35556644,0.3365008,0.29955843,0.24144505,0.29311225,0.32507065,0.28135765,0.29138243,0.25866124,0.34031904,0.27069032,0.34571978,0.24880278,0.26568556,0.3630678,0.30442217,0.3381176,0.2727557,0.34589544,0.3142439,0.3519008,0.2842621,0.22584037,0.3445431,0.29391208,0.24225548,0.3487843,0.24874161,0.3664617,0.319195,0.33856204,0.39910018,0.2954341,0.34183308,0.338443,0.36530632,0.37055242,0.42624182,0.30525267,0.27282694,0.24423392,0.465801,0.33406708,0.3808582,0.3903917,0.25723195,0.41174224,0.4112754,0.38214427,0.37596235,0.34419343,0.21951099,0.34270692,0.28600463,0.35504863,0.34764746,0.4143479
0.28842756,0.4294029,0.42055833,0.48244452,0.34280756,0.39228344,0.25995946,0.2590574,0.2736467,0.44869646,0.14605108,0.24845862,0.28711295,0.7950933,0.39570805,0.2736393,0.7828563,0.363782,1.0,0.8007435,0.17983174,0.23192742,0.22682366,0.29278705,0.24763316,0.23092937,0.19921859,0.23267768,0.20096491,0.1912541,0.19669703,0.13373543,0.21239978,0.17014441,0.18603848,0.15655458,0.2418301,0.3576584,0.24708325,0.31991407,0.3200488,0.3967437,0.33472577,0.39351043,0.25708446,0.24159768,0.38504958,0.36725214,0.25363386,0.33274072,0.19439754,0.26546657,0.22441027,0.27684677,0.247199,0.25089952,0.24849221,0.21807943,0.35175243,0.30874932,0.48472077,0.44781297,0.53823936,0.39950246,0.47371945,0.37225133,0.42412466,0.47165376,0.4602956,0.41518378,0.56883883,0.6493377,0.619715,0.700336,0.68160564,0.5616897,0.5938618,0.57779104,0.60486394,0.6262217
0.32337204,0.40740097,0.4113232,0.42615768,0.3013358,0.39340028,0.29615408,0.3312682,0.34403005,0.43546647,0.20681828,0.21388093,0.33465388,0.69268656,0.3373584,0.2896825,0.71989024,0.41136009,0.8007435,0.9999999,0.18338954,0.2177965,0.23475538,0.27725562,0.23613024,0.23199862,0.18047772,0.19621076,0.22205885,0.19621313,0.24401066,0.16686453,0.22661562,0.20313168,0.21793495,0.1746612,0.23818308,0.360703,0.2282788,0.29905036,0.27513957,0.34900555,0.33554608,0.3741973,0.26971868,0.2056613,0.33808514,0.36469215,0.23241226,0.29495797,0.17877297,0.24989548,0.17658655,0.2943101,0.24852292,0.21140558,0.20736314,0.24142459,0.30939305,0.30736434,0.44782004,0.3595345,0.4299405,0.37067738,0.4388494,0.36831322,0.61122096,0.46187103,0.37758482,0.6256158,0.5577636,0.7185307,0.57984495,0.64039147,0.5297904,0.72650826,0.55830663,0.7562534,0.68008566,0.67912483
0.49059492,0.5264817,0.17207618,0.18568611,0.21986549,0.19165051,0.40183046,0.43783778,0.427193,0.27393204,0.40363196,0.19771604,0.43702537,0.18292564,0.3501125,0.46254036,0.15911275,0.27979505,0.17983174,0.18338954,1.0000001,0.8889416,0.8803259,0.8419746,0.8530065,0.84037447,0.8733895,0.8097558,0.8504001,0.86872643,0.30410966,0.30842373,0.3513943,0.34393677,0.34931022,0.2951847,0.10049459,0.12016486,0.32580757,0.106980644,0.35517067,0.42264637,0.35652927,0.39819917,0.4490315,0.3128025,0.33948302,0.43071526,0.35523143,0.2951641,0.2692177,0.29546908,0.16497898,0.35980868,0.2954705,0.20164324,0.16150402,0.30017072,0.28842103,0.37954256,0.1705337,0.13262463,0.05628645,0.20550737,0.19180854,0.2199736,0.15058851,0.10764642,0.12912336,0.1433436,0.24610181,0.20492765,0.18501931,0.1916352,0.19030476,0.22507726,0.21743882,0.20092438,0.27907076,0.24676116
0.5073481,0.6009503,0.18370825,0.22161257,0.2861787,0.24326305,0.38543808,0.43233687,0.40804505,0.32843637,0.36332077,0.25569582,0.44867787,0.28174403,0.41088995,0.4169699,0.20373948,0.28402922,0.23192742,0.2177965,0.8889416,1.0,0.9389069,0.88076115,0.90244156,0.8055612,0.9156862,0.87448204,0.86455846,0.90610015,0.2393191,0.23408669,0.29852375,0.27452007,0.27929825,0.2440446,0.06309022,0.17451508,0.24240862,0.1428513,0.33184403,0.53903645,0.3356722,0.48146942,0.4562605,0.29564756,0.35817125,0.4615866,0.37477052,0.32880417,0.25875434,0.27811545,0.13594349,0.37174267,0.28160387,0.24748255,0.1508883,0.27391553,0.2942875,0.4106362,0.20492512,0.24988048,0.11577966,0.25612712,0.21978883,0.21565968,0.15811166,0.14473207,0.24826598,0.16041364,0.30496657,0.2407047,0.18778111,0.24570753,0.20375904,0.23567574,0.25426096,0.22143288,0.33309108,0.29519662
0.51780194,0.5982515,0.2474512,0.22818238,0.32555863,0.29600847,0.38607663,0.43671972,0.42622772,0.38940805,0.36577448,0.3091201,0.48335627,0.28634268,0.4294982,0.3958118,0.22358745,0.34459004,0.22682366,0.23475538,0.8803259,0.9389069,1.0000004,0.9092268,0.9283753,0.7822873,0.9035032,0.886898,0.8828388,0.8900656,0.29376444,0.2705553,0.33608866,0.3128968,0.32447255,0.27959415,0.11665836,0.2224719,0.29406202,0.19873697,0.33157656,0.5098006,0.3722809,0.52112496,0.4570713,0.29887763,0.36226878,0.45591116,0.3757548,0.3568425,0.27303496,0.30898997,0.1597076,0.39220557,0.30483085,0.29235858,0.1823063,0.31607527,0.32979152,0.42821488,0.25652733,0.23644629,0.12343196,0.25301757,0.2726752,0.23181757,0.17702143,0.17166534,0.23339128,0.17406535,0.34115872,0.25414902,0.24352026,0.25078934,0.19880062,0.25424686,0.31163928,0.24330306,0.33977887,0.31149963
0.5216864,0.6228768,0.21167307,0.24427459,0.28348127,0.2583273,0.42594647,0.4497787,0.42564693,0.35460648,0.37110007,0.285514,0.48213795,0.33850083,0.43701133,0.44318822,0.27172384,0.35556644,0.29278705,0.27725562,0.8419746,0.88076115,0.9092268,1.0000001,0.8833168,0.8137705,0.85372925,0.8657808,0.85914886,0.83080596,0.26807925,0.2431269,0.3134225,0.2863085,0.28299418,0.24114336,0.078726225,0.18762393,0.2699383,0.17583536,0.37609646,0.50102615,0.32833928,0.48851404,0.42259145,0.31938592,0.41810107,0.42266282,0.38749218,0.31820282,0.26471296,0.29942584,0.122440964,0.37012625,0.2971776,0.26986438,0.16572021,0.30544168,0.34103024,0.41180262,0.2536748,0.21702647,0.09935161,0.20467636,0.26188448,0.24835265,0.18525892,0.1149898,0.2404613,0.169884,0.29858962,0.21951927,0.1822343,0.23375072,0.16067882,0.19170146,0.2864819,0.23391867,0.31747848,0.29380807
0.50143087,0.5733201,0.21313477,0.2148534,0.28469497,0.27406812,0.36525425,0.47312766,0.39055863,0.35517344,0.37941298,0.29541725,0.5013908,0.2583616,0.4294957,0.3914744,0.22613993,0.3365008,0.24763316,0.23613024,0.8530065,0.90244156,0.9283753,0.8833168,1.0,0.7735463,0.86912835,0.895634,0.844492,0.84987354,0.33251488,0.3153109,0.3735515,0.3444693,0.36799222,0.3056713,0.1683326,0.21199143,0.31424713,0.22673793,0.37540948,0.5158557,0.37267384,0.5196869,0.4766697,0.3153376,0.38503978,0.44476733,0.39858267,0.3564143,0.2672791,0.32026714,0.17044812,0.40528756,0.32202595,0.28048518,0.19725546,0.33566746,0.34524742,0.4438596,0.27097896,0.21743847,0.13491026,0.26545045,0.27921066,0.22306816,0.1759627,0.19235337,0.21626207,0.16547422,0.34014192,0.22878893,0.22943234,0.24077715,0.20055293,0.24669106,0.31624958,0.23412792,0.33059752,0.30791542
0.62655914,0.59826434,0.2404627,0.32383412,0.2521247,0.2505297,0.51280105,0.54773444,0.47859353,0.32553646,0.45199853,0.20766929,0.45070457,0.2769218,0.41783628,0.49410245,0.20372587,0.29955843,0.23092937,0.23199862,0.84037447,0.8055612,0.7822873,0.8137705,0.7735463,1.0,0.79874974,0.75470793,0.7667975,0.7929818,0.26497892,0.26626953,0.3073759,0.38265446,0.30562264,0.27066872,0.05028315,0.16276093,0.34552923,0.10355779,0.41614625,0.4524853,0.34779108,0.41535982,0.47609708,0.3506412,0.40104336,0.45919952,0.40584302,0.30906978,0.2812289,0.31088486,0.119537614,0.37504706,0.27886626,0.21020445,0.15219535,0.28711045,0.30731732,0.39923373,0.21299939,0.24876368,0.13383159,0.25714228,0.24517098,0.3026357,0.20730372,0.16469248,0.24696103,0.20995007,0.25966814,0.2274412,0.16209765,0.28026715,0.18881889,0.1972068,0.22424106,0.22838038,0.29629254,0.31599718
0.4727204,0.6112022,0.19213319,0.18809688,0.24952348,0.2590369,0.35598272,0.3886594,0.36918432,0.35226756,0.42469588,0.23435211,0.42535117,0.26344168,0.43108767,0.3903225,0.18307935,0.24144505,0.19921859,0.18047772,0.8733895,0.9156862,0.9035032,0.85372925,0.86912835,0.79874974,1.0000001,0.89044476,0.81883615,0.8900126,0.2580628,0.22185647,0.2744283,0.28612292,0.29412997,0.24362612,0.04223399,0.16433357,0.27502757,0.12448867,0.34689164,0.48466533,0.33162406,0.46385905,0.45387608,0.31639177,0.38953254,0.44015488,0.39995936,0.32642156,0.25930363,0.26807424,0.121193044,0.38376907,0.24288684,0.22393177,0.11017224,0.28883302,0.33318225,0.4026033,0.22883412,0.19826278,0.11589692,0.25735724,0.21911825,0.22074126,0.1367326,0.12436197,0.21770455,0.12421133,0.26539344,0.18609002,0.1799765,0.21874695,0.1554995,0.1966698,0.28568533,0.1729708,0.2699475,0.26193106
0.44285765,0.60596484,0.23295885,0.22375718,0.3185964,0.28882733,0.32112622,0.38270646,0.35542357,0.37875265,0.40838793,0.3380267,0.43147042,0.26627848,0.4811681,0.36296353,0.20536786,0.29311225,0.23267768,0.19621076,0.8097558,0.87448204,0.886898,0.8657808,0.895634,0.75470793,0.89044476,1.0000001,0.78412294,0.81877816,0.24929965,0.2053602,0.26751602,0.27320406,0.26411292,0.20435196,0.06821355,0.19505191,0.22808605,0.19317137,0.3272108,0.5152929,0.30372706,0.5005971,0.42786813,0.27894512,0.36742288,0.39633986,0.3770221,0.28754714,0.21729934,0.2527146,0.08762046,0.3708661,0.23227632,0.28624272,0.12520422,0.2981496,0.33806184,0.4190279,0.28198135,0.2559202,0.14321774,0.28357288,0.2786973,0.19802341,0.15676537,0.16599879,0.27557525,0.13873827,0.31854698,0.17185688,0.17006437,0.22493233,0.1917386,0.18336631,0.32080024,0.16579436,0.30403936,0.28238177
0.5395628,0.52148026,0.20763879,0.18265802,0.21688916,0.23391935,0.34237477,0.4251148,0.46748152,0.3293127,0.31737804,0.22887139,0.57363266,0.22927402,0.31614882,0.3651402,0.21358317,0.32507065,0.20096491,0.22205885,0.8504001,0.86455846,0.8828388,0.85914886,0.844492,0.7667975,0.81883615,0.78412294,0.99999994,0.8489889,0.35586494,0.30393955,0.41676784,0.3624546,0.32839164,0.2901366,0.16688266,0.1636503,0.30731833,0.18141082,0.30483025,0.42115667,0.4356606,0.40155065,0.5099277,0.28400663,0.34362406,0.4190586,0.34595087,0.3370009,0.26000953,0.29739156,0.1690356,0.33193174,0.359986,0.1866663,0.18912362,0.33379552,0.25032377,0.32956934,0.24858175,0.16073874,0.07680953,0.18013166,0.24668135,0.2175943,0.19827726,0.12592915,0.15880857,0.20126463,0.27600983,0.2712352,0.20226355,0.2214129,0.19604044,0.24807507,0.24977057,0.27428234,0.31236762,0.26995462
0.5024882,0.573207,0.2344661,0.22156267,0.25519007,0.25431252,0.37367603,0.43799624,0.40317264,0.34655362,0.36576045,0.22171882,0.46600166,0.24436814,0.39651287,0.43296897,0.20353831,0.28135765,0.1912541,0.19621313,0.86872643,0.90610015,0.8900656,0.83080596,0.84987354,0.7929818,0.8900126,0.81877816,0.8489889,1.0000002,0.2648147,0.25407115,0.32372993,0.2915785,0.3185796,0.34620866,0.080634415,0.1515857,0.28952283,0.11487355,0.38394,0.49017426,0.38371053,0.47054633,0.5600762,0.37069145,0.4078041,0.47494358,0.48147956,0.36710432,0.33883753,0.31271866,0.14838436,0.37078574,0.2892586,0.21973203,0.15122229,0.2731805,0.29618227,0.39854595,0.20374128,0.22083624,0.121992,0.2756616,0.22478768,0.21892655,0.14509915,0.16166076,0.19836064,0.16148141,0.2581969,0.22080903,0.20813785,0.23476054,0.1742475,0.20555069,0.2681007,0.22013634,0.29162574,0.25600192
0.32051203,0.2100055,0.2777225,0.16908887,0.29843068,0.29077289,0.2503382,0.2885123,0.33216,0.230396,0.36329228,0.25019127,0.4431329,0.14307897,0.26996067,0.23968454,0.20898116,0.29138243,0.19669703,0.24401066,0.30410966,0.2393191,0.29376444,0.26807925,0.33251488,0.26497892,0.2580628,0.24929965,0.35586494,0.2648147,0.9999998,0.82191163,0.8444504,0.8015383,0.85653806,0.76674765,0.5803879,0.41740885,0.7019029,0.5085767,0.28592563,0.30982375,0.48875776,0.33231562,0.45169294,0.33219862,0.29502985,0.31641167,0.33054793,0.38141304,0.54273677,0.66376954,0.40143323,0.62280774,0.7172884,0.28454077,0.42846358,0.79622567,0.6449265,0.63629246,0.28239682,0.14958756,0.1498422,0.2360905,0.34996042,0.24614835,0.24084604,0.27477387,0.09210626,0.29896575,0.15523873,0.24014206,0.24722488,0.23534709,0.21819042,0.29812014,0.20404273,0.31702378,0.24677008,0.24124424
0.29100654,0.18277563,0.20836645,0.13585736,0.23017167,0.21219367,0.22615732,0.29497087,0.31759834,0.12503058,0.25065747,0.18044074,0.37230247,0.048183374,0.19333479,0.2271234,0.13415061,0.25866124,0.13373543,0.16686453,0.30842373,0.23408669,0.2705553,0.2431269,0.3153109,0.26626953,0.22185647,0.2053602,0.30393955,0.25407115,0.82191163,0.99999994,0.82369334,0.74924505,0.8256852,0.69615066,0.5467159,0.34879017,0.6969091,0.4383712,0.37483436,0.3052656,0.46625453,0.3375409,0.43529642,0.39738217,0.34280643,0.30830196,0.37699947,0.40178406,0.48547614,0.61736953,0.39703694,0.563714,0.65658325,0.1999971,0.37242192,0.6470374,0.5380211,0.6192751,0.17910796,0.06887088,0.0742268,0.20074402,0.26473355,0.17229515,0.1740296,0.2313095,0.00060862023,0.2453355,0.1485483,0.1792986,0.21938358,0.15751147,0.18893076,0.276385,0.10593862,0.27888975,0.23202176,0.17732148
0.35596,0.22810873,0.31100842,0.17393373,0.2902001,0.2944648,0.24352638,0.30619267,0.37432182,0.23646414,0.2638604,0.25859314,0.4716314,0.16144371,0.2683061,0.26661962,0.2493707,0.34031904,0.21239978,0.22661562,0.3513943,0.29852375,0.33608866,0.3134225,0.3735515,0.3073759,0.2744283,0.26751602,0.41676784,0.32372993,0.8444504,0.82369334,1.0,0.79713994,0.80921817,0.74226713,0.5503824,0.4000249,0.7369114,0.5014315,0.44762456,0.4015652,0.5741346,0.41435674,0.5410964,0.44702777,0.42164555,0.37895897,0.4621178,0.5100175,0.5609785,0.66737425,0.41341984,0.59882796,0.7665453,0.25909448,0.42908376,0.72242904,0.57529056,0.61081064,0.3598651,0.13225819,0.14673658,0.1900658,0.39639023,0.28354508,0.2100475,0.2444817,0.10132614,0.26010185,0.2248501,0.26073363,0.2564773,0.2512851,0.21759234,0.29514927,0.22208865,0.34702948,0.24365325,0.2630023
0.439954,0.23889253,0.28912565,0.24137348,0.3063266,0.30520314,0.3564502,0.3751061,0.41058293,0.1936333,0.40285575,0.22104031,0.40248978,0.13879187,0.3092722,0.339141,0.18576646,0.27069032,0.17014441,0.20313168,0.34393677,0.27452007,0.3128968,0.2863085,0.3444693,0.38265446,0.28612292,0.27320406,0.3624546,0.2915785,0.8015383,0.74924505,0.79713994,1.0,0.7726298,0.65199333,0.4936276,0.37823558,0.80714655,0.4389046,0.37145725,0.35572174,0.48489344,0.35008365,0.4794622,0.35752726,0.33712238,0.35745218,0.36926183,0.4344127,0.4774916,0.6001569,0.34023243,0.55097187,0.66269296,0.2615764,0.3845821,0.70539016,0.5575728,0.6006359,0.25558823,0.20353143,0.15106809,0.23186114,0.32164502,0.32736167,0.19948734,0.26591703,0.15820996,0.26875135,0.19576539,0.2805366,0.23425291,0.339255,0.25865978,0.26487064,0.18837178,0.2972515,0.2322654,0.33446854
0.3205659,0.24565582,0.34209132,0.2019986,0.24744552,0.29832244,0.30965036,0.31023836,0.2943716,0.25988215,0.34574112,0.20469745,0.38062134,0.11894963,0.3016129,0.3004083,0.21911494,0.34571978,0.18603848,0.21793495,0.34931022,0.27929825,0.32447255,0.28299418,0.36799222,0.30562264,0.29412997,0.26411292,0.32839164,0.3185796,0.85653806,0.8256852,0.80921817,0.7726298,1.0000002,0.76178765,0.5729897,0.40279517,0.73240644,0.47119373,0.39025828,0.35600862,0.46569297,0.36295897,0.45091447,0.42058617,0.3973445,0.3371288,0.40903792,0.42491314,0.57430065,0.6993754,0.49186623,0.6726148,0.7229874,0.24561724,0.46055937,0.71874744,0.6596047,0.6928713,0.27040088,0.15866062,0.1816642,0.2616951,0.33572784,0.26152185,0.21959066,0.29208475,0.09515831,0.29789075,0.21320918,0.22578016,0.32099974,0.2503738,0.1828078,0.35902077,0.2171895,0.29800588,0.21804023,0.25710204
0.28753617,0.21984768,0.2941584,0.18638684,0.2969599,0.2879227,0.23475966,0.2581404,0.27280727,0.23643616,0.24711932,0.22024289,0.37198576,0.1171882,0.23792948,0.26725343,0.21148016,0.24880278,0.15655458,0.1746612,0.2951847,0.2440446,0.27959415,0.24114336,0.3056713,0.27066872,0.24362612,0.20435196,0.2901366,0.34620866,0.76674765,0.69615066,0.74226713,0.65199333,0.76178765,1.0000001,0.5232718,0.33362103,0.6318393,0.43009028,0.35489783,0.29612863,0.44709024,0.31745145,0.5344954,0.43936962,0.39186704,0.3364026,0.538993,0.3962732,0.74953043,0.65475124,0.36527103,0.56657565,0.618567,0.22645938,0.39018512,0.5932105,0.5515852,0.60663563,0.22614864,0.17527848,0.18119198,0.24283676,0.30331612,0.23172289,0.19433193,0.27351946,0.12210295,0.2524501,0.1096561,0.15831402,0.20026225,0.21496633,0.13340232,0.22606976,0.17136595,0.28716832,0.18526755,0.20267078
0.10671521,0.097690314,0.33649936,0.1395973,0.36130196,0.33194184,0.033486597,0.07236424,0.09035657,0.2762157,0.06410624,0.30037454,0.25445828,0.1261578,0.11095835,0.025414672,0.30796573,0.26568556,0.2418301,0.23818308,0.10049459,0.06309022,0.11665836,0.078726225,0.1683326,0.05028315,0.04223399,0.06821355,0.16688266,0.080634415,0.5803879,0.5467159,0.5503824,0.4936276,0.5729897,0.5232718,1.0,0.47239187,0.5141062,0.67246795,0.20814265,0.23632309,0.38359672,0.28682163,0.2889209,0.28021565,0.24742435,0.23270683,0.2535355,0.34367296,0.30911914,0.41298708,0.41274855,0.34322563,0.460262,0.30830133,0.5854029,0.3850327,0.33415872,0.32669294,0.3198949,0.14421785,0.25698912,0.21301277,0.3805755,0.23660049,0.2743993,0.34369364,0.09585491,0.3295875,0.25120252,0.2549296,0.36941522,0.23621246,0.23279943,0.38021138,0.24432068,0.3180401,0.22411601,0.20815119
0.25449038,0.33006427,0.4206676,0.2956563,0.5391535,0.49998337,0.22524615,0.21567649,0.26379368,0.4631861,0.16694857,0.51682174,0.304063,0.3707472,0.33460012,0.17140403,0.44625986,0.3630678,0.3576584,0.360703,0.12016486,0.17451508,0.2224719,0.18762393,0.21199143,0.16276093,0.16433357,0.19505191,0.1636503,0.1515857,0.41740885,0.34879017,0.4000249,0.37823558,0.40279517,0.33362103,0.47239187,1.0000001,0.49824384,0.8175581,0.32819337,0.44368476,0.4339108,0.44315168,0.33651087,0.36133134,0.3988508,0.37959954,0.31094995,0.43400112,0.34000543,0.46543866,0.389574,0.34607053,0.47728288,0.50553703,0.42900524,0.4393881,0.4552974,0.48377168,0.48607054,0.3411346,0.34622967,0.2662368,0.5102712,0.402417,0.38409513,0.37136447,0.36236784,0.3695581,0.36422023,0.379145,0.4549725,0.4059052,0.25737765,0.34481066,0.4233214,0.35073185,0.36981043,0.40597415
0.3990893,0.28576612,0.37474328,0.29154015,0.33203018,0.3623101,0.34331694,0.34394598,0.382118,0.29749405,0.32133546,0.27095637,0.39276084,0.22927943,0.33885056,0.3258733,0.2846526,0.30442217,0.24708325,0.2282788,0.32580757,0.24240862,0.29406202,0.2699383,0.31424713,0.34552923,0.27502757,0.22808605,0.30731833,0.28952283,0.7019029,0.6969091,0.7369114,0.80714655,0.73240644,0.6318393,0.5141062,0.49824384,1.0,0.45772544,0.4882484,0.41864973,0.5452665,0.43874916,0.5078102,0.49098942,0.48785454,0.38270766,0.47090545,0.5436151,0.52886355,0.64063954,0.42846,0.56837434,0.6529113,0.2492147,0.45966884,0.6196991,0.5970061,0.64087814,0.33967033,0.24187486,0.2484998,0.27662998,0.40435687,0.37170225,0.23804933,0.34755814,0.19451733,0.28929088,0.23655298,0.3099084,0.33337054,0.38360426,0.2785998,0.30627695,0.2828233,0.34082985,0.2826472,0.33101216
0.16135196,0.23463516,0.39443856,0.2554705,0.5237971,0.47110602,0.1351548,0.11331577,0.1907815,0.4071992,0.095467016,0.5295551,0.249565,0.29399577,0.289437,0.09579896,0.42667922,0.3381176,0.31991407,0.29905036,0.106980644,0.1428513,0.19873697,0.17583536,0.22673793,0.10355779,0.12448867,0.19317137,0.18141082,0.11487355,0.5085767,0.4383712,0.5014315,0.4389046,0.47119373,0.43009028,0.67246795,0.8175581,0.45772544,1.0000001,0.298423,0.38756698,0.41350684,0.3999456,0.30117488,0.3467902,0.3592581,0.26842818,0.29944667,0.4121377,0.3184007,0.44988158,0.42369816,0.32601842,0.46393222,0.47669703,0.45258012,0.4071413,0.4014645,0.39379638,0.4901306,0.28054366,0.32062623,0.20996451,0.50792253,0.38381454,0.36311206,0.33331344,0.30817637,0.34628904,0.36230755,0.33078605,0.42957202,0.36124834,0.26200017,0.34450427,0.41285056,0.32200947,0.32838568,0.35078236
0.370614,0.41191554,0.32103834,0.2824418,0.28121814,0.30851367,0.3215736,0.35137513,0.34758362,0.33679682,0.281616,0.2577912,0.35592833,0.28776577,0.47060782,0.40930408,0.3357532,0.2727557,0.3200488,0.27513957,0.35517067,0.33184403,0.33157656,0.37609646,0.37540948,0.41614625,0.34689164,0.3272108,0.30483025,0.38394,0.28592563,0.37483436,0.44762456,0.37145725,0.39025828,0.35489783,0.20814265,0.32819337,0.4882484,0.298423,0.99999994,0.63677406,0.6699442,0.64751303,0.655262,0.8101095,0.76119924,0.50711507,0.7619236,0.65291256,0.34543088,0.32943234,0.27034175,0.37665987,0.36045343,0.20168668,0.2477604,0.3266379,0.36397284,0.42369723,0.34569725,0.23163879,0.26896223,0.24747998,0.32755074,0.32077706,0.22561851,0.22781532,0.26503903,0.20564333,0.23534091,0.24354015,0.2758659,0.2734445,0.22791395,0.22566073,0.3062411,0.30393198,0.2542898,0.23518687
0.44955152,0.60118073,0.42142507,0.37321383,0.48539278,0.4627179,0.32193726,0.380243,0.4035851,0.5349776,0.33162183,0.4702939,0.4728357,0.44139495,0.61171067,0.3488566,0.42794833,0.34589544,0.3967437,0.34900555,0.42264637,0.53903645,0.5098006,0.50102615,0.5158557,0.4524853,0.48466533,0.5152929,0.42115667,0.49017426,0.30982375,0.3052656,0.4015652,0.35572174,0.35600862,0.29612863,0.23632309,0.44368476,0.41864973,0.38756698,0.63677406,1.0000002,0.6706764,0.93535703,0.6829872,0.5804309,0.7023023,0.6254758,0.5825551,0.721555,0.3416037,0.39280367,0.24606168,0.5072753,0.40802282,0.39437848,0.3051363,0.39647678,0.4634008,0.5279246,0.45020142,0.43639544,0.37259692,0.3631931,0.4166046,0.38384667,0.31866345,0.3319713,0.46701637,0.28640395,0.38558164,0.36894077,0.3071958,0.4553622,0.3114806,0.32342288,0.43592134,0.35049123,0.430296,0.38337877
0.52005863,0.42251134,0.51100177,0.3673931,0.449636,0.44799307,0.28884774,0.36217815,0.48753327,0.50032294,0.24626443,0.31949922,0.5751704,0.29406536,0.44805974,0.27959526,0.3982635,0.3142439,0.33472577,0.33554608,0.35652927,0.3356722,0.3722809,0.32833928,0.37267384,0.34779108,0.33162406,0.30372706,0.4356606,0.38371053,0.48875776,0.46625453,0.5741346,0.48489344,0.46569297,0.44709024,0.38359672,0.4339108,0.5452665,0.41350684,0.6699442,0.6706764,0.9999999,0.6980501,0.79259855,0.63846004,0.6732713,0.5946676,0.549148,0.84015626,0.40886077,0.45954424,0.35733494,0.4295947,0.53449064,0.2723334,0.3490549,0.48231125,0.39618573,0.4610642,0.46331844,0.3234208,0.35762545,0.33129734,0.4762635,0.35592905,0.34672508,0.38751578,0.32293206,0.36665955,0.26247138,0.42526338,0.35951152,0.4459153,0.39593098,0.4090352,0.35901132,0.47415662,0.39440396,0.3393222
0.423284,0.5790308,0.45301706,0.3459167,0.48333156,0.46662247,0.26976416,0.3586652,0.36609024,0.56148016,0.29578108,0.45412928,0.4847809,0.41133583,0.59382653,0.30704853,0.43335587,0.3519008,0.39351043,0.3741973,0.39819917,0.48146942,0.52112496,0.48851404,0.5196869,0.41535982,0.46385905,0.5005971,0.40155065,0.47054633,0.33231562,0.3375409,0.41435674,0.35008365,0.36295897,0.31745145,0.28682163,0.44315168,0.43874916,0.3999456,0.64751303,0.93535703,0.6980501,1.0000001,0.69595444,0.5938126,0.7079013,0.6095054,0.5878306,0.73706794,0.32086876,0.3779466,0.23867539,0.49786514,0.38672578,0.37566128,0.30305478,0.3877025,0.4536867,0.5157292,0.4682661,0.38594788,0.38040164,0.37720373,0.43287745,0.37277508,0.3283221,0.36316,0.42120185,0.29723802,0.39948258,0.35228303,0.34576508,0.4336912,0.31536132,0.3544124,0.4642744,0.36952272,0.4111313,0.3694989
0.46062934,0.47945112,0.43580735,0.2951086,0.38450953,0.40048128,0.24216813,0.34915203,0.39766666,0.47011343,0.2774568,0.29039365,0.54589736,0.2261536,0.40922195,0.29134834,0.29028994,0.2842621,0.25708446,0.26971868,0.4490315,0.4562605,0.4570713,0.42259145,0.4766697,0.47609708,0.45387608,0.42786813,0.5099277,0.5600762,0.45169294,0.43529642,0.5410964,0.4794622,0.45091447,0.5344954,0.2889209,0.33651087,0.5078102,0.30117488,0.655262,0.6829872,0.79259855,0.69595444,1.0,0.68401664,0.6630368,0.58810467,0.7227758,0.707811,0.5061154,0.44791487,0.31403998,0.41708124,0.48936054,0.20953469,0.32232693,0.45097578,0.38401848,0.47061333,0.38090542,0.27403352,0.30714595,0.32260486,0.37426582,0.34650722,0.31183922,0.31886917,0.28411967,0.3271709,0.258007,0.32348993,0.2694511,0.37591267,0.31628177,0.32726184,0.31180125,0.40098593,0.3350471,0.30496594
0.30799848,0.36672217,0.3853698,0.26167268,0.2812728,0.33704367,0.22966516,0.28357288,0.2792498,0.34796187,0.24762318,0.25414905,0.33438218,0.21789762,0.43619695,0.29232126,0.28794327,0.22584037,0.24159768,0.2056613,0.3128025,0.29564756,0.29887763,0.31938592,0.3153376,0.3506412,0.31639177,0.27894512,0.28400663,0.37069145,0.33219862,0.39738217,0.44702777,0.35752726,0.42058617,0.43936962,0.28021565,0.36133134,0.49098942,0.3467902,0.8101095,0.5804309,0.63846004,0.5938126,0.68401664,1.0000002,0.7003173,0.5463616,0.79171664,0.6384285,0.42928594,0.39746058,0.29825497,0.38390374,0.38732,0.18913144,0.29549634,0.3451269,0.38131815,0.42845356,0.3694596,0.23641004,0.3265266,0.29695272,0.35734993,0.3624209,0.26362753,0.27972093,0.27315056,0.25786778,0.19339024,0.20691212,0.27667955,0.25126815,0.19245376,0.21418218,0.278303,0.2888958,0.20298052,0.18479592
